0.00666817 1.01682 98.8916
0.00666817 1.01782 98.5963
0.00666817 1.01882 98.5465
0.00666817 1.01982 97.7128
0.00666817 1.02082 96.2218
0.00666817 1.02182 94.8107
0.00666817 1.02282 93.8496
0.00666817 1.02382 94.2607
0.00666817 1.02482 95.5781
0.00666817 1.02582 95.0284
0.00666817 1.02682 94.6692
0.00666817 1.02782 95.0158
0.00666817 1.02882 94.7393
0.00666817 1.02982 94.0565
0.00666817 1.03082 94.4726
0.00666817 1.03182 95.1187
0.00666817 1.03282 95.3302
0.00666817 1.03382 94.798
0.00666817 1.03482 94.9267
0.00666817 1.03582 96.5711
0.00667817 1.01682 99.1368
0.00667817 1.01782 98.8113
0.00667817 1.01882 98.6619
0.00667817 1.01982 98.0439
0.00667817 1.02082 96.6957
0.00667817 1.02182 95.345
0.00667817 1.02282 94.2269
0.00667817 1.02382 93.9102
0.00667817 1.02482 95.2871
0.00667817 1.02582 95.4425
0.00667817 1.02682 94.753
0.00667817 1.02782 94.9926
0.00667817 1.02882 94.8872
0.00667817 1.02982 94.3042
0.00667817 1.03082 94.3882
0.00667817 1.03182 94.984
0.00667817 1.03282 95.3349
0.00667817 1.03382 94.8405
0.00667817 1.03482 94.738
0.00667817 1.03582 95.9108
0.00668817 1.01682 99.2355
0.00668817 1.01782 98.8851
0.00668817 1.01882 98.5527
0.00668817 1.01982 98.2298
0.00668817 1.02082 97.1859
0.00668817 1.02182 95.8098
0.00668817 1.02282 94.5948
0.00668817 1.02382 93.8639
0.00668817 1.02482 94.8063
0.00668817 1.02582 95.6768
0.00668817 1.02682 94.7862
0.00668817 1.02782 94.7627
0.00668817 1.02882 94.7832
0.00668817 1.02982 94.5965
0.00668817 1.03082 94.1931
0.00668817 1.03182 94.7299
0.00668817 1.03282 95.1098
0.00668817 1.03382 95.125
0.00668817 1.03482 94.7812
0.00668817 1.03582 95.1805
0.00669817 1.01682 99.2356
0.00669817 1.01782 98.9437
0.00669817 1.01882 98.6694
0.00669817 1.01982 98.6212
0.00669817 1.02082 97.7745
0.00669817 1.02182 96.2835
0.00669817 1.02282 94.8904
0.00669817 1.02382 93.9598
0.00669817 1.02482 94.2802
0.00669817 1.02582 95.6172
0.00669817 1.02682 95.1201
0.00669817 1.02782 94.7206
0.00669817 1.02882 95.0684
0.00669817 1.02982 94.7568
0.00669817 1.03082 94.0749
0.00669817 1.03182 94.4969
0.00669817 1.03282 95.0937
0.00669817 1.03382 95.3473
0.00669817 1.03482 94.8308
0.00669817 1.03582 94.91
0.00670817 1.01682 98.8817
0.00670817 1.01782 99.1775
0.00670817 1.01882 98.8818
0.00670817 1.01982 98.7138
0.00670817 1.02082 98.1191
0.00670817 1.02182 96.7621
0.00670817 1.02282 95.4105
0.00670817 1.02382 94.3488
0.00670817 1.02482 93.9476
0.00670817 1.02582 95.3307
0.00670817 1.02682 95.4987
0.00670817 1.02782 94.8058
0.00670817 1.02882 95.0016
0.00670817 1.02982 94.8849
0.00670817 1.03082 94.3402
0.00670817 1.03182 94.3915
0.00670817 1.03282 94.9417
0.00670817 1.03382 95.3184
0.00670817 1.03482 94.843
0.00670817 1.03582 94.7232
0.00671817 1.01682 98.5442
0.00671817 1.01782 99.266
0.00671817 1.01882 98.9013
0.00671817 1.01982 98.6205
0.00671817 1.02082 98.3131
0.00671817 1.02182 97.2911
0.00671817 1.02282 95.8946
0.00671817 1.02382 94.6632
0.00671817 1.02482 93.9823
0.00671817 1.02582 94.8138
0.00671817 1.02682 95.7628
0.00671817 1.02782 94.8904
0.00671817 1.02882 94.793
0.00671817 1.02982 94.7963
0.00671817 1.03082 94.5977
0.00671817 1.03182 94.174
0.00671817 1.03282 94.702
0.00671817 1.03382 95.0617
0.00671817 1.03482 95.1277
0.00671817 1.03582 94.7931
0.00672817 1.01682 98.326
0.00672817 1.01782 99.196
0.00672817 1.01882 98.9896
0.00672817 1.01982 98.7284
0.00672817 1.02082 98.6926
0.00672817 1.02182 97.8447
0.00672817 1.02282 96.3531
0.00672817 1.02382 95.0248
0.00672817 1.02482 94.0982
0.00672817 1.02582 94.3098
0.00672817 1.02682 95.6991
0.00672817 1.02782 95.2282
0.00672817 1.02882 94.7718
0.00672817 1.02982 95.1307
0.00672817 1.03082 94.7602
0.00672817 1.03182 94.0959
0.00672817 1.03282 94.4885
0.00672817 1.03382 95.0662
0.00672817 1.03482 95.3252
0.00672817 1.03582 94.8305
0.00673817 1.01682 98.2806
0.00673817 1.01782 98.8685
0.00673817 1.01882 99.2138
0.00673817 1.01982 98.9444
0.00673817 1.02082 98.7589
0.00673817 1.02182 98.1637
0.00673817 1.02282 96.8291
0.00673817 1.02382 95.4573
0.00673817 1.02482 94.4965
0.00673817 1.02582 93.9863
0.00673817 1.02682 95.409
0.00673817 1.02782 95.6301
0.00673817 1.02882 94.8548
0.00673817 1.02982 94.9967
0.00673817 1.03082 94.8837
0.00673817 1.03182 94.361
0.00673817 1.03282 94.3863
0.00673817 1.03382 94.9029
0.00673817 1.03482 95.2775
0.00673817 1.03582 94.8549
0.00674817 1.01682 98.4611
0.00674817 1.01782 98.5207
0.00674817 1.01882 99.2847
0.00674817 1.01982 98.9243
0.00674817 1.02082 98.6736
0.00674817 1.02182 98.4087
0.00674817 1.02282 97.4315
0.00674817 1.02382 95.962
0.00674817 1.02482 94.7537
0.00674817 1.02582 94.0563
0.00674817 1.02682 94.8353
0.00674817 1.02782 95.8501
0.00674817 1.02882 94.9833
0.00674817 1.02982 94.8195
0.00674817 1.03082 94.8301
0.00674817 1.03182 94.5953
0.00674817 1.03282 94.1688
0.00674817 1.03382 94.6671
0.00674817 1.03482 95.0129
0.00674817 1.03582 95.1165
0.00675817 1.01682 98.9878
0.00675817 1.01782 98.2998
0.00675817 1.01882 99.1958
0.00675817 1.01982 98.9899
0.00675817 1.02082 98.785
0.00675817 1.02182 98.7593
0.00675817 1.02282 97.9256
0.00675817 1.02382 96.4315
0.00675817 1.02482 95.1555
0.00675817 1.02582 94.2485
0.00675817 1.02682 94.3417
0.00675817 1.02782 95.7659
0.00675817 1.02882 95.3274
0.00675817 1.02982 94.8209
0.00675817 1.03082 95.1825
0.00675817 1.03182 94.7628
0.00675817 1.03282 94.1161
0.00675817 1.03382 94.5288
0.00675817 1.03482 95.0297
0.00675817 1.03582 95.2789
0.00676817 1.01682 99.6042
0.00676817 1.01782 98.2972
0.00676817 1.01882 98.8593
0.00676817 1.01982 99.2419
0.00676817 1.02082 98.9593
0.00676817 1.02182 98.7823
0.00676817 1.02282 98.2346
0.00676817 1.02382 96.8985
0.00676817 1.02482 95.4884
0.00676817 1.02582 94.6371
0.00676817 1.02682 94.0202
0.00676817 1.02782 95.4546
0.00676817 1.02882 95.7642
0.00676817 1.02982 94.8646
0.00676817 1.03082 94.9982
0.00676817 1.03182 94.8936
0.00676817 1.03282 94.3668
0.00676817 1.03382 94.3631
0.00676817 1.03482 94.8627
0.00676817 1.03582 95.2172
0.00677817 1.01682 100.164
0.00677817 1.01782 98.4755
0.00677817 1.01882 98.5317
0.00677817 1.01982 99.2845
0.00677817 1.02082 98.9496
0.00677817 1.02182 98.7254
0.00677817 1.02282 98.4925
0.00677817 1.02382 97.525
0.00677817 1.02482 96.058
0.00677817 1.02582 94.8111
0.00677817 1.02682 94.1357
0.00677817 1.02782 94.8644
0.00677817 1.02882 95.9483
0.00677817 1.02982 95.0665
0.00677817 1.03082 94.8613
0.00677817 1.03182 94.8762
0.00677817 1.03282 94.5983
0.00677817 1.03382 94.1771
0.00677817 1.03482 94.6804
0.00677817 1.03582 94.9794
0.00678817 1.01682 100.971
0.00678817 1.01782 99.034
0.00678817 1.01882 98.3124
0.00678817 1.01982 99.2408
0.00678817 1.02082 99.0394
0.00678817 1.02182 98.8491
0.00678817 1.02282 98.8486
0.00678817 1.02382 98.0097
0.00678817 1.02482 96.5145
0.00678817 1.02582 95.2192
0.00678817 1.02682 94.3493
0.00678817 1.02782 94.3843
0.00678817 1.02882 95.8204
0.00678817 1.02982 95.4161
0.00678817 1.03082 94.859
0.00678817 1.03182 95.2069
0.00678817 1.03282 94.7628
0.00678817 1.03382 94.1159
0.00678817 1.03482 94.5555
0.00678817 1.03582 94.9805
0.00679817 1.01682 102.035
0.00679817 1.01782 99.66
0.00679817 1.01882 98.3187
0.00679817 1.01982 98.8485
0.00679817 1.02082 99.268
0.00679817 1.02182 98.9825
0.00679817 1.02282 98.8313
0.00679817 1.02382 98.3135
0.00679817 1.02482 96.9785
0.00679817 1.02582 95.5514
0.00679817 1.02682 94.763
0.00679817 1.02782 94.1236
0.00679817 1.02882 95.4891
0.00679817 1.02982 95.8615
0.00679817 1.03082 94.9058
0.00679817 1.03182 95.0253
0.00679817 1.03282 94.9025
0.00679817 1.03382 94.3451
0.00679817 1.03482 94.3342
0.00679817 1.03582 94.8277
0.00680817 1.01682 102.893
0.00680817 1.01782 100.249
0.00680817 1.01882 98.4833
0.00680817 1.01982 98.5266
0.00680817 1.02082 99.2681
0.00680817 1.02182 98.9773
0.00680817 1.02282 98.7791
0.00680817 1.02382 98.578
0.00680817 1.02482 97.6143
0.00680817 1.02582 96.1471
0.00680817 1.02682 94.8929
0.00680817 1.02782 94.2259
0.00680817 1.02882 94.8762
0.00680817 1.02982 96.0425
0.00680817 1.03082 95.1513
0.00680817 1.03182 94.8963
0.00680817 1.03282 94.8972
0.00680817 1.03382 94.5742
0.00680817 1.03482 94.1773
0.00680817 1.03582 94.7163
0.00681817 1.01682 103.566
0.00681817 1.01782 101.077
0.00681817 1.01882 99.0818
0.00681817 1.01982 98.3215
0.00681817 1.02082 99.2281
0.00681817 1.02182 99.0756
0.00681817 1.02282 98.9148
0.00681817 1.02382 98.9126
0.00681817 1.02482 98.0892
0.00681817 1.02582 96.598
0.00681817 1.02682 95.2717
0.00681817 1.02782 94.4713
0.00681817 1.02882 94.4217
0.00681817 1.02982 95.835
0.00681817 1.03082 95.4709
0.00681817 1.03182 94.8966
0.00681817 1.03282 95.2046
0.00681817 1.03382 94.7604
0.00681817 1.03482 94.1195
0.00681817 1.03582 94.527
0.00682817 1.01682 104.293
0.00682817 1.01782 102.081
0.00682817 1.01882 99.7022
0.00682817 1.01982 98.3036
0.00682817 1.02082 98.8114
0.00682817 1.02182 99.2747
0.00682817 1.02282 98.9969
0.00682817 1.02382 98.8618
0.00682817 1.02482 98.3802
0.00682817 1.02582 97.0612
0.00682817 1.02682 95.6297
0.00682817 1.02782 94.8489
0.00682817 1.02882 94.217
0.00682817 1.02982 95.4904
0.00682817 1.03082 95.9624
0.00682817 1.03182 94.9336
0.00682817 1.03282 95.0506
0.00682817 1.03382 94.9074
0.00682817 1.03482 94.3321
0.00682817 1.03582 94.3059
0.00683817 1.01682 105.087
0.00683817 1.01782 102.924
0.00683817 1.01882 100.272
0.00683817 1.01982 98.495
0.00683817 1.02082 98.4594
0.00683817 1.02182 99.2505
0.00683817 1.02282 98.9911
0.00683817 1.02382 98.8281
0.00683817 1.02482 98.6762
0.00683817 1.02582 97.692
0.00683817 1.02682 96.2059
0.00683817 1.02782 94.9821
0.00683817 1.02882 94.3074
0.00683817 1.02982 94.882
0.00683817 1.03082 96.1213
0.00683817 1.03182 95.2227
0.00683817 1.03282 94.916
0.00683817 1.03382 94.9374
0.00683817 1.03482 94.5639
0.00683817 1.03582 94.1745
0.00684817 1.01682 105.446
0.00684817 1.01782 103.593
0.00684817 1.01882 101.147
0.00684817 1.01982 99.1242
0.00684817 1.02082 98.2969
0.00684817 1.02182 99.194
0.00684817 1.02282 99.0927
0.00684817 1.02382 98.9838
0.00684817 1.02482 98.9318
0.00684817 1.02582 98.1832
0.00684817 1.02682 96.6942
0.00684817 1.02782 95.325
0.00684817 1.02882 94.5798
0.00684817 1.02982 94.4273
0.00684817 1.03082 95.8566
0.00684817 1.03182 95.5386
0.00684817 1.03282 94.9292
0.00684817 1.03382 95.1919
0.00684817 1.03482 94.7797
0.00684817 1.03582 94.119
0.00685817 1.01682 105.961
0.00685817 1.01782 104.318
0.00685817 1.01882 102.127
0.00685817 1.01982 99.7534
0.00685817 1.02082 98.287
0.00685817 1.02182 98.7685
0.00685817 1.02282 99.2649
0.00685817 1.02382 99.0015
0.00685817 1.02482 98.8941
0.00685817 1.02582 98.4657
0.00685817 1.02682 97.1495
0.00685817 1.02782 95.6973
0.00685817 1.02882 94.9008
0.00685817 1.02982 94.3122
0.00685817 1.03082 95.5006
0.00685817 1.03182 96.073
0.00685817 1.03282 94.9854
0.00685817 1.03382 95.066
0.00685817 1.03482 94.9099
0.00685817 1.03582 94.3518
