0.0072 1.09 3.63445
0.0072 1.091 3.62645
0.0072 1.092 3.61911
0.0072 1.093 3.61241
0.0072 1.094 3.60637
0.0072 1.095 3.60099
0.0072 1.096 3.59625
0.0072 1.097 3.59217
0.0072 1.098 3.58874
0.0072 1.099 3.58596
0.0072 1.1 3.58384
0.0072 1.101 3.58237
0.0072 1.102 3.58155
0.0072 1.103 3.58138
0.0072 1.104 3.58187
0.0072 1.105 3.58301
0.0072 1.106 3.5848
0.0072 1.107 3.58724
0.0072 1.108 3.59034
0.0072 1.109 3.59409
0.00723 1.09 3.46256
0.00723 1.091 3.45247
0.00723 1.092 3.44303
0.00723 1.093 3.43424
0.00723 1.094 3.42611
0.00723 1.095 3.41863
0.00723 1.096 3.4118
0.00723 1.097 3.40562
0.00723 1.098 3.40009
0.00723 1.099 3.39522
0.00723 1.1 3.391
0.00723 1.101 3.38743
0.00723 1.102 3.38452
0.00723 1.103 3.38225
0.00723 1.104 3.38065
0.00723 1.105 3.37969
0.00723 1.106 3.37938
0.00723 1.107 3.37973
0.00723 1.108 3.38073
0.00723 1.109 3.38238
0.00726 1.09 3.30468
0.00726 1.091 3.29249
0.00726 1.092 3.28095
0.00726 1.093 3.27007
0.00726 1.094 3.25984
0.00726 1.095 3.25026
0.00726 1.096 3.24133
0.00726 1.097 3.23306
0.00726 1.098 3.22544
0.00726 1.099 3.21847
0.00726 1.1 3.21216
0.00726 1.101 3.20649
0.00726 1.102 3.20148
0.00726 1.103 3.19712
0.00726 1.104 3.19342
0.00726 1.105 3.19036
0.00726 1.106 3.18796
0.00726 1.107 3.18622
0.00726 1.108 3.18512
0.00726 1.109 3.18468
0.00729 1.09 3.16078
0.00729 1.091 3.1465
0.00729 1.092 3.13287
0.00729 1.093 3.11989
0.00729 1.094 3.10756
0.00729 1.095 3.09589
0.00729 1.096 3.08487
0.00729 1.097 3.0745
0.00729 1.098 3.06478
0.00729 1.099 3.05572
0.00729 1.1 3.04731
0.00729 1.101 3.03955
0.00729 1.102 3.03244
0.00729 1.103 3.02599
0.00729 1.104 3.02019
0.00729 1.105 3.01504
0.00729 1.106 3.01054
0.00729 1.107 3.0067
0.00729 1.108 3.00351
0.00729 1.109 3.00097
0.00732 1.09 3.03111
0.00732 1.091 3.01473
0.00732 1.092 2.99901
0.00732 1.093 2.98394
0.00732 1.094 2.96952
0.00732 1.095 2.95575
0.00732 1.096 2.94263
0.00732 1.097 2.93017
0.00732 1.098 2.91836
0.00732 1.099 2.90721
0.00732 1.1 2.8967
0.00732 1.101 2.88685
0.00732 1.102 2.87765
0.00732 1.103 2.8691
0.00732 1.104 2.86121
0.00732 1.105 2.85397
0.00732 1.106 2.84738
0.00732 1.107 2.84144
0.00732 1.108 2.83616
0.00732 1.109 2.83152
0.00735 1.09 2.91549
0.00735 1.091 2.89703
0.00735 1.092 2.87921
0.00735 1.093 2.86204
0.00735 1.094 2.84553
0.00735 1.095 2.82967
0.00735 1.096 2.81447
0.00735 1.097 2.79991
0.00735 1.098 2.78601
0.00735 1.099 2.77276
0.00735 1.1 2.76017
0.00735 1.101 2.74822
0.00735 1.102 2.73693
0.00735 1.103 2.72629
0.00735 1.104 2.71631
0.00735 1.105 2.70697
0.00735 1.106 2.69829
0.00735 1.107 2.69026
0.00735 1.108 2.68289
0.00735 1.109 2.67616
0.00738 1.09 2.81381
0.00738 1.091 2.79325
0.00738 1.092 2.77334
0.00738 1.093 2.75409
0.00738 1.094 2.73549
0.00738 1.095 2.71753
0.00738 1.096 2.70024
0.00738 1.097 2.68359
0.00738 1.098 2.6676
0.00738 1.099 2.65226
0.00738 1.1 2.63757
0.00738 1.101 2.62353
0.00738 1.102 2.61015
0.00738 1.103 2.59742
0.00738 1.104 2.58534
0.00738 1.105 2.57391
0.00738 1.106 2.56314
0.00738 1.107 2.55302
0.00738 1.108 2.54355
0.00738 1.109 2.53474
0.00741 1.09 2.72614
0.00741 1.091 2.70349
0.00741 1.092 2.68149
0.00741 1.093 2.66015
0.00741 1.094 2.63945
0.00741 1.095 2.61941
0.00741 1.096 2.60002
0.00741 1.097 2.58128
0.00741 1.098 2.5632
0.00741 1.099 2.54577
0.00741 1.1 2.52899
0.00741 1.101 2.51286
0.00741 1.102 2.49739
0.00741 1.103 2.48257
0.00741 1.104 2.4684
0.00741 1.105 2.45488
0.00741 1.106 2.44202
0.00741 1.107 2.42981
0.00741 1.108 2.41825
0.00741 1.109 2.40734
0.00744 1.09 2.65252
0.00744 1.091 2.62778
0.00744 1.092 2.60369
0.00744 1.093 2.58025
0.00744 1.094 2.55747
0.00744 1.095 2.53534
0.00744 1.096 2.51386
0.00744 1.097 2.49304
0.00744 1.098 2.47287
0.00744 1.099 2.45335
0.00744 1.1 2.43448
0.00744 1.101 2.41627
0.00744 1.102 2.3987
0.00744 1.103 2.3818
0.00744 1.104 2.36554
0.00744 1.105 2.34993
0.00744 1.106 2.33498
0.00744 1.107 2.32068
0.00744 1.108 2.30704
0.00744 1.109 2.29404
0.00747 1.09 2.59277
0.00747 1.091 2.56594
0.00747 1.092 2.53976
0.00747 1.093 2.51424
0.00747 1.094 2.48937
0.00747 1.095 2.46515
0.00747 1.096 2.44159
0.00747 1.097 2.41868
0.00747 1.098 2.39642
0.00747 1.099 2.37481
0.00747 1.1 2.35385
0.00747 1.101 2.33355
0.00747 1.102 2.3139
0.00747 1.103 2.2949
0.00747 1.104 2.27656
0.00747 1.105 2.25886
0.00747 1.106 2.24182
0.00747 1.107 2.22544
0.00747 1.108 2.2097
0.00747 1.109 2.19462
0.0075 1.09 2.5469
0.0075 1.091 2.51799
0.0075 1.092 2.48972
0.0075 1.093 2.46211
0.0075 1.094 2.43515
0.0075 1.095 2.40885
0.0075 1.096 2.38319
0.0075 1.097 2.35819
0.0075 1.098 2.33384
0.0075 1.099 2.31015
0.0075 1.1 2.2871
0.0075 1.101 2.26471
0.0075 1.102 2.24298
0.0075 1.103 2.22189
0.0075 1.104 2.20146
0.0075 1.105 2.18168
0.0075 1.106 2.16255
0.0075 1.107 2.14407
0.0075 1.108 2.12625
0.0075 1.109 2.10908
0.00753 1.09 2.49696
0.00753 1.091 2.46388
0.00753 1.092 2.43145
0.00753 1.093 2.39967
0.00753 1.094 2.36854
0.00753 1.095 2.33807
0.00753 1.096 2.30825
0.00753 1.097 2.27908
0.00753 1.098 2.25057
0.00753 1.099 2.2227
0.00753 1.1 2.19549
0.00753 1.101 2.16894
0.00753 1.102 2.14303
0.00753 1.103 2.11778
0.00753 1.104 2.09318
0.00753 1.105 2.06923
0.00753 1.106 2.04593
0.00753 1.107 2.02329
0.00753 1.108 2.0013
0.00753 1.109 1.97996
0.00756 1.09 2.50227
0.00756 1.091 2.46502
0.00756 1.092 2.42842
0.00756 1.093 2.39248
0.00756 1.094 2.35719
0.00756 1.095 2.32255
0.00756 1.096 2.28856
0.00756 1.097 2.25522
0.00756 1.098 2.22254
0.00756 1.099 2.19051
0.00756 1.1 2.15914
0.00756 1.101 2.12841
0.00756 1.102 2.09834
0.00756 1.103 2.06892
0.00756 1.104 2.04015
0.00756 1.105 2.01204
0.00756 1.106 1.98458
0.00756 1.107 1.95777
0.00756 1.108 1.93161
0.00756 1.109 1.9061
0.00759 1.09 2.56284
0.00759 1.091 2.52142
0.00759 1.092 2.48066
0.00759 1.093 2.44054
0.00759 1.094 2.40108
0.00759 1.095 2.36228
0.00759 1.096 2.32412
0.00759 1.097 2.28662
0.00759 1.098 2.24977
0.00759 1.099 2.21358
0.00759 1.1 2.17803
0.00759 1.101 2.14314
0.00759 1.102 2.1089
0.00759 1.103 2.07531
0.00759 1.104 2.04238
0.00759 1.105 2.0101
0.00759 1.106 1.97847
0.00759 1.107 1.94749
0.00759 1.108 1.91717
0.00759 1.109 1.8875
0.00762 1.09 2.5953
0.00762 1.091 2.5525
0.00762 1.092 2.51035
0.00762 1.093 2.46884
0.00762 1.094 2.428
0.00762 1.095 2.3878
0.00762 1.096 2.34826
0.00762 1.097 2.30937
0.00762 1.098 2.27113
0.00762 1.099 2.23354
0.00762 1.1 2.19661
0.00762 1.101 2.16033
0.00762 1.102 2.1247
0.00762 1.103 2.08973
0.00762 1.104 2.0554
0.00762 1.105 2.02173
0.00762 1.106 1.98871
0.00762 1.107 1.95635
0.00762 1.108 1.92464
0.00762 1.109 1.89358
0.00765 1.09 2.5953
0.00765 1.091 2.5525
0.00765 1.092 2.51035
0.00765 1.093 2.46884
0.00765 1.094 2.428
0.00765 1.095 2.3878
0.00765 1.096 2.34826
0.00765 1.097 2.30937
0.00765 1.098 2.27113
0.00765 1.099 2.23354
0.00765 1.1 2.19661
0.00765 1.101 2.16033
0.00765 1.102 2.1247
0.00765 1.103 2.08973
0.00765 1.104 2.0554
0.00765 1.105 2.02173
0.00765 1.106 1.98871
0.00765 1.107 1.95635
0.00765 1.108 1.92464
0.00765 1.109 1.89358
0.00768 1.09 2.5953
0.00768 1.091 2.5525
0.00768 1.092 2.51035
0.00768 1.093 2.46884
0.00768 1.094 2.428
0.00768 1.095 2.3878
0.00768 1.096 2.34826
0.00768 1.097 2.30937
0.00768 1.098 2.27113
0.00768 1.099 2.23354
0.00768 1.1 2.19661
0.00768 1.101 2.16033
0.00768 1.102 2.1247
0.00768 1.103 2.08973
0.00768 1.104 2.0554
0.00768 1.105 2.02173
0.00768 1.106 1.98871
0.00768 1.107 1.95635
0.00768 1.108 1.92464
0.00768 1.109 1.89358
0.00771 1.09 2.61383
0.00771 1.091 2.57033
0.00771 1.092 2.52748
0.00771 1.093 2.48529
0.00771 1.094 2.44375
0.00771 1.095 2.40286
0.00771 1.096 2.36262
0.00771 1.097 2.32304
0.00771 1.098 2.28411
0.00771 1.099 2.24583
0.00771 1.1 2.2082
0.00771 1.101 2.17123
0.00771 1.102 2.13491
0.00771 1.103 2.09924
0.00771 1.104 2.06422
0.00771 1.105 2.02986
0.00771 1.106 1.99615
0.00771 1.107 1.96309
0.00771 1.108 1.93069
0.00771 1.109 1.89893
0.00774 1.09 2.67854
0.00774 1.091 2.63297
0.00774 1.092 2.58804
0.00774 1.093 2.54377
0.00774 1.094 2.50015
0.00774 1.095 2.45718
0.00774 1.096 2.41487
0.00774 1.097 2.37321
0.00774 1.098 2.3322
0.00774 1.099 2.29184
0.00774 1.1 2.25214
0.00774 1.101 2.21309
0.00774 1.102 2.17469
0.00774 1.103 2.13694
0.00774 1.104 2.09984
0.00774 1.105 2.0634
0.00774 1.106 2.02761
0.00774 1.107 1.99248
0.00774 1.108 1.95799
0.00774 1.109 1.92416
0.00777 1.09 2.757
0.00777 1.091 2.70934
0.00777 1.092 2.66234
0.00777 1.093 2.61599
0.00777 1.094 2.57029
0.00777 1.095 2.52525
0.00777 1.096 2.48085
0.00777 1.097 2.43711
0.00777 1.098 2.39402
0.00777 1.099 2.35159
0.00777 1.1 2.30981
0.00777 1.101 2.26868
0.00777 1.102 2.2282
0.00777 1.103 2.18837
0.00777 1.104 2.1492
0.00777 1.105 2.11068
0.00777 1.106 2.07281
0.00777 1.107 2.0356
0.00777 1.108 1.99903
0.00777 1.109 1.96312
