1.000E-03 1.304E+02
1.500E-03 9.895E+01
2.000E-03 8.064E+01
2.500E-03 6.853E+01
3.000E-03 5.987E+01
3.500E-03 5.333E+01
4.000E-03 4.821E+01
4.500E-03 4.407E+01
5.000E-03 4.065E+01
6.000E-03 3.532E+01
7.000E-03 3.133E+01
8.000E-03 2.824E+01
9.000E-03 2.575E+01
1.000E-02 2.371E+01
1.500E-02 1.725E+01
2.000E-02 1.378E+01
2.500E-02 1.159E+01
3.000E-02 1.007E+01
3.500E-02 8.957
4.000E-02 8.102
4.500E-02 7.423
5.000E-02 6.872
6.000E-02 6.028
7.000E-02 5.411
8.000E-02 4.941
9.000E-02 4.571
1.000E-01 4.271
1.100E-01 4.024
1.200E-01 3.816
1.300E-01 3.640
1.400E-01 3.488
1.500E-01 3.356
1.600E-01 3.240
1.700E-01 3.138
1.800E-01 3.047
1.900E-01 2.966
2.000E-01 2.893
2.100E-01 2.827
2.200E-01 2.767
2.300E-01 2.712
2.400E-01 2.663
2.500E-01 2.617
2.600E-01 2.575
2.700E-01 2.536
2.800E-01 2.501
2.900E-01 2.467
3.000E-01 2.437
3.100E-01 2.408
3.200E-01 2.382
3.300E-01 2.357
3.400E-01 2.334
3.500E-01 2.312
3.600E-01 2.291
3.700E-01 2.272
3.800E-01 2.254
3.900E-01 2.237
4.000E-01 2.222
4.100E-01 2.206
4.200E-01 2.192
4.300E-01 2.178
4.400E-01 2.164
4.500E-01 2.152
4.600E-01 2.140
4.700E-01 2.129
4.800E-01 2.118
4.900E-01 2.108
5.000E-01 2.098
5.100E-01 2.089
5.200E-01 2.080
5.300E-01 2.071
5.400E-01 2.063
5.500E-01 2.055
5.600E-01 2.048
5.700E-01 2.041
5.800E-01 2.034
5.900E-01 2.028
6.000E-01 2.021
6.100E-01 2.015
6.200E-01 2.010
6.300E-01 2.004
6.400E-01 1.999
6.500E-01 1.994
6.600E-01 1.989
6.700E-01 1.985
6.800E-01 1.980
6.900E-01 1.976
7.000E-01 1.972
7.100E-01 1.968
7.200E-01 1.964
7.300E-01 1.960
7.400E-01 1.957
7.500E-01 1.953
7.600E-01 1.950
7.700E-01 1.947
7.800E-01 1.944
7.900E-01 1.941
8.000E-01 1.938
8.100E-01 1.936
8.200E-01 1.933
8.300E-01 1.930
8.400E-01 1.928
8.500E-01 1.926
8.600E-01 1.923
8.700E-01 1.921
8.800E-01 1.919
8.900E-01 1.917
9.000E-01 1.915
9.100E-01 1.913
9.200E-01 1.912
9.300E-01 1.910
9.400E-01 1.908
9.500E-01 1.907
9.600E-01 1.905
9.700E-01 1.904
9.800E-01 1.902
9.900E-01 1.901
1.000 1.900
1.010 1.898
1.020 1.897
1.030 1.896
1.040 1.895
1.050 1.894
1.060 1.893
1.070 1.892
1.080 1.891
1.090 1.890
1.100 1.889
1.110 1.888
1.120 1.887
1.130 1.886
1.140 1.885
1.150 1.885
1.160 1.884
1.170 1.883
1.180 1.883
1.190 1.882
1.200 1.881
1.210 1.881
1.220 1.880
1.230 1.880
1.240 1.879
1.250 1.879
1.260 1.878
1.270 1.878
1.280 1.878
1.290 1.877
1.300 1.877
1.310 1.876
1.320 1.876
1.330 1.876
1.340 1.876
1.350 1.875
1.360 1.875
1.370 1.875
1.380 1.875
1.390 1.874
1.400 1.874
1.410 1.874
1.420 1.874
1.430 1.874
1.440 1.873
1.450 1.873
1.460 1.873
1.470 1.873
1.480 1.873
1.490 1.873
1.500 1.873
1.510 1.873
1.520 1.873
1.530 1.873
1.540 1.873
1.550 1.873
1.560 1.873
1.570 1.873
1.580 1.873
1.590 1.873
1.600 1.873
1.610 1.873
1.620 1.873
1.630 1.873
1.640 1.873
1.650 1.873
1.660 1.873
1.670 1.873
1.680 1.873
1.690 1.874
1.700 1.874
1.710 1.874
1.720 1.874
1.730 1.874
1.740 1.874
1.750 1.874
1.760 1.874
1.770 1.875
1.780 1.875
1.790 1.875
1.800 1.875
1.810 1.875
1.820 1.876
1.830 1.876
1.840 1.876
1.850 1.876
1.860 1.876
1.870 1.877
1.880 1.877
1.890 1.877
1.900 1.877
1.910 1.877
1.920 1.878
1.930 1.878
1.940 1.878
1.950 1.878
1.960 1.879
1.970 1.879
1.980 1.879
1.990 1.879
2.000 1.880
2.010 1.880
2.020 1.880
2.030 1.880
2.040 1.881
2.050 1.881
2.060 1.881
2.070 1.882
2.080 1.882
2.090 1.882
2.100 1.882
2.110 1.883
2.120 1.883
2.130 1.883
2.140 1.884
2.150 1.884
2.160 1.884
2.170 1.885
2.180 1.885
2.190 1.885
2.200 1.885
2.210 1.886
2.220 1.886
2.230 1.886
2.240 1.887
2.250 1.887
2.260 1.887
2.270 1.888
2.280 1.888
2.290 1.888
2.300 1.889
2.310 1.889
2.320 1.889
2.330 1.890
2.340 1.890
2.350 1.890
2.360 1.891
2.370 1.891
2.380 1.892
2.390 1.892
2.400 1.892
2.410 1.893
2.420 1.893
2.430 1.893
2.440 1.894
2.450 1.894
2.460 1.894
2.470 1.895
2.480 1.895
2.490 1.895
2.500 1.896
2.510 1.896
2.520 1.897
2.530 1.897
2.540 1.897
2.550 1.898
2.560 1.898
2.570 1.898
2.580 1.899
2.590 1.899
2.600 1.899
2.610 1.900
2.620 1.900
2.630 1.901
2.640 1.901
2.650 1.901
2.660 1.902
2.670 1.902
2.680 1.902
2.690 1.903
2.700 1.903
2.710 1.904
2.720 1.904
2.730 1.904
2.740 1.905
2.750 1.905
2.760 1.906
2.770 1.906
2.780 1.906
2.790 1.907
2.800 1.907
2.810 1.907
2.820 1.908
2.830 1.908
2.840 1.909
2.850 1.909
2.860 1.909
2.870 1.910
2.880 1.910
2.890 1.911
2.900 1.911
2.910 1.911
2.920 1.912
2.930 1.912
2.940 1.912
2.950 1.913
2.960 1.913
2.970 1.914
2.980 1.914
2.990 1.914
3.000 1.915
3.010 1.915
3.020 1.916
3.030 1.916
3.040 1.916
3.050 1.917
3.060 1.917
3.070 1.918
3.080 1.918
3.090 1.918
3.100 1.919
3.110 1.919
3.120 1.920
3.130 1.920
3.140 1.920
3.150 1.921
3.160 1.921
3.170 1.921
3.180 1.922
3.190 1.922
3.200 1.923
3.210 1.923
3.220 1.923
3.230 1.924
3.240 1.924
3.250 1.925
3.260 1.925
3.270 1.925
3.280 1.926
3.290 1.926
3.300 1.927
3.310 1.927
3.320 1.927
3.330 1.928
3.340 1.928
3.350 1.929
3.360 1.929
3.370 1.929
3.380 1.930
3.390 1.930
3.400 1.931
3.410 1.931
3.420 1.931
3.430 1.932
3.440 1.932
3.450 1.933
3.460 1.933
3.470 1.933
3.480 1.934
3.490 1.934
3.500 1.935
3.510 1.935
3.520 1.935
3.530 1.936
3.540 1.936
3.550 1.936
3.560 1.937
3.570 1.937
3.580 1.938
3.590 1.938
3.600 1.938
3.610 1.939
3.620 1.939
3.630 1.940
3.640 1.940
3.650 1.940
3.660 1.941
3.670 1.941
3.680 1.942
3.690 1.942
3.700 1.942
3.710 1.943
3.720 1.943
3.730 1.944
3.740 1.944
3.750 1.944
3.760 1.945
3.770 1.945
3.780 1.945
3.790 1.946
3.800 1.946
3.810 1.947
3.820 1.947
3.830 1.947
3.840 1.948
3.850 1.948
3.860 1.949
3.870 1.949
3.880 1.949
3.890 1.950
3.900 1.950
3.910 1.951
3.920 1.951
3.930 1.951
3.940 1.952
3.950 1.952
3.960 1.952
3.970 1.953
3.980 1.953
3.990 1.954
4.000 1.954
4.010 1.954
4.020 1.955
4.030 1.955
4.040 1.956
4.050 1.956
4.060 1.956
4.070 1.957
4.080 1.957
4.090 1.957
4.100 1.958
4.110 1.958
4.120 1.959
4.130 1.959
4.140 1.959
4.150 1.960
4.160 1.960
4.170 1.961
4.180 1.961
4.190 1.961
4.200 1.962
4.210 1.962
4.220 1.962
4.230 1.963
4.240 1.963
4.250 1.964
4.260 1.964
4.270 1.964
4.280 1.965
4.290 1.965
4.300 1.966
4.310 1.966
4.320 1.966
4.330 1.967
4.340 1.967
4.350 1.967
4.360 1.968
4.370 1.968
4.380 1.969
4.390 1.969
4.400 1.969
4.410 1.970
4.420 1.970
4.430 1.970
4.440 1.971
4.450 1.971
4.460 1.972
4.470 1.972
4.480 1.972
4.490 1.973
4.500 1.973
4.510 1.973
4.520 1.974
4.530 1.974
4.540 1.975
4.550 1.975
4.560 1.975
4.570 1.976
4.580 1.976
4.590 1.976
4.600 1.977
4.610 1.977
4.620 1.978
4.630 1.978
4.640 1.978
4.650 1.979
4.660 1.979
4.670 1.979
4.680 1.980
4.690 1.980
4.700 1.981
4.710 1.981
4.720 1.981
4.730 1.982
4.740 1.982
4.750 1.982
4.760 1.983
4.770 1.983
4.780 1.983
4.790 1.984
4.800 1.984
4.810 1.985
4.820 1.985
4.830 1.985
4.840 1.986
4.850 1.986
4.860 1.986
4.870 1.987
4.880 1.987
4.890 1.988
4.900 1.988
4.910 1.988
4.920 1.989
4.930 1.989
4.940 1.989
4.950 1.990
4.960 1.990
4.970 1.990
4.980 1.991
4.990 1.991
5.000 1.992
5.010 1.992
5.020 1.992
5.030 1.993
5.040 1.993
5.050 1.993
5.060 1.994
5.070 1.994
5.080 1.994
5.090 1.995
5.100 1.995
5.110 1.996
5.120 1.996
5.130 1.996
5.140 1.997
5.150 1.997
5.160 1.997
5.170 1.998
5.180 1.998
5.190 1.998
5.200 1.999
5.210 1.999
5.220 2.000
5.230 2.000
5.240 2.000
5.250 2.001
5.260 2.001
5.270 2.001
5.280 2.002
5.290 2.002
5.300 2.002
5.310 2.003
5.320 2.003
5.330 2.003
5.340 2.004
5.350 2.004
5.360 2.005
5.370 2.005
5.380 2.005
5.390 2.006
5.400 2.006
5.410 2.006
5.420 2.007
5.430 2.007
5.440 2.007
5.450 2.008
5.460 2.008
5.470 2.008
5.480 2.009
5.490 2.009
5.500 2.009
5.510 2.010
5.520 2.010
5.530 2.011
5.540 2.011
5.550 2.011
5.560 2.012
5.570 2.012
5.580 2.012
5.590 2.013
5.600 2.013
5.610 2.013
5.620 2.014
5.630 2.014
5.640 2.014
5.650 2.015
5.660 2.015
5.670 2.015
5.680 2.016
5.690 2.016
5.700 2.016
5.710 2.017
5.720 2.017
5.730 2.018
5.740 2.018
5.750 2.018
5.760 2.019
5.770 2.019
5.780 2.019
5.790 2.020
5.800 2.020
5.810 2.020
5.820 2.021
5.830 2.021
5.840 2.021
5.850 2.022
5.860 2.022
5.870 2.022
5.880 2.023
5.890 2.023
5.900 2.023
5.910 2.024
5.920 2.024
5.930 2.024
5.940 2.025
5.950 2.025
5.960 2.025
5.970 2.026
5.980 2.026
5.990 2.026
6.000 2.027
6.010 2.027
6.020 2.028
6.030 2.028
6.040 2.028
6.050 2.029
6.060 2.029
6.070 2.029
6.080 2.030
6.090 2.030
6.100 2.030
6.110 2.031
6.120 2.031
6.130 2.031
6.140 2.032
6.150 2.032
6.160 2.032
6.170 2.033
6.180 2.033
6.190 2.033
6.200 2.034
6.210 2.034
6.220 2.034
6.230 2.035
6.240 2.035
6.250 2.035
6.260 2.036
6.270 2.036
6.280 2.036
6.290 2.037
6.300 2.037
6.310 2.037
6.320 2.038
6.330 2.038
6.340 2.038
6.350 2.039
6.360 2.039
6.370 2.039
6.380 2.040
6.390 2.040
6.400 2.040
6.410 2.041
6.420 2.041
6.430 2.041
6.440 2.042
6.450 2.042
6.460 2.042
6.470 2.043
6.480 2.043
6.490 2.043
6.500 2.044
6.510 2.044
6.520 2.044
6.530 2.045
6.540 2.045
6.550 2.045
6.560 2.046
6.570 2.046
6.580 2.046
6.590 2.047
6.600 2.047
6.610 2.047
6.620 2.048
6.630 2.048
6.640 2.048
6.650 2.049
6.660 2.049
6.670 2.049
6.680 2.050
6.690 2.050
6.700 2.050
6.710 2.051
6.720 2.051
6.730 2.051
6.740 2.052
6.750 2.052
6.760 2.052
6.770 2.053
6.780 2.053
6.790 2.053
6.800 2.054
6.810 2.054
6.820 2.054
6.830 2.055
6.840 2.055
6.850 2.055
6.860 2.056
6.870 2.056
6.880 2.056
6.890 2.057
6.900 2.057
6.910 2.057
6.920 2.057
6.930 2.058
6.940 2.058
6.950 2.058
6.960 2.059
6.970 2.059
6.980 2.059
6.990 2.060
7.000 2.060
7.010 2.060
7.020 2.061
7.030 2.061
7.040 2.061
7.050 2.062
7.060 2.062
7.070 2.062
7.080 2.063
7.090 2.063
7.100 2.063
7.110 2.064
7.120 2.064
7.130 2.064
7.140 2.065
7.150 2.065
7.160 2.065
7.170 2.066
7.180 2.066
7.190 2.066
7.200 2.067
7.210 2.067
7.220 2.067
7.230 2.067
7.240 2.068
7.250 2.068
7.260 2.068
7.270 2.069
7.280 2.069
7.290 2.069
7.300 2.070
7.310 2.070
7.320 2.070
7.330 2.071
7.340 2.071
7.350 2.071
7.360 2.072
7.370 2.072
7.380 2.072
7.390 2.073
7.400 2.073
7.410 2.073
7.420 2.074
7.430 2.074
7.440 2.074
7.450 2.074
7.460 2.075
7.470 2.075
7.480 2.075
7.490 2.076
7.500 2.076
7.510 2.076
7.520 2.077
7.530 2.077
7.540 2.077
7.550 2.078
7.560 2.078
7.570 2.078
7.580 2.079
7.590 2.079
7.600 2.079
7.610 2.080
7.620 2.080
7.630 2.080
7.640 2.080
7.650 2.081
7.660 2.081
7.670 2.081
7.680 2.082
7.690 2.082
7.700 2.082
7.710 2.083
7.720 2.083
7.730 2.083
7.740 2.084
7.750 2.084
7.760 2.084
7.770 2.085
7.780 2.085
7.790 2.085
7.800 2.085
7.810 2.086
7.820 2.086
7.830 2.086
7.840 2.087
7.850 2.087
7.860 2.087
7.870 2.088
7.880 2.088
7.890 2.088
7.900 2.089
7.910 2.089
7.920 2.089
7.930 2.089
7.940 2.090
7.950 2.090
7.960 2.090
7.970 2.091
7.980 2.091
7.990 2.091
8.000 2.092
9.000 2.122
1.000E+01 2.151
1.500E+01 2.285
2.000E+01 2.408
2.500E+01 2.525
3.000E+01 2.640
3.500E+01 2.753
4.000E+01 2.865
6.000E+01 3.308
7.000E+01 3.528
8.000E+01 3.748
9.000E+01 3.967
1.000E+02 4.187
1.500E+02 5.285
2.000E+02 6.385
2.500E+02 7.488
3.000E+02 8.592
3.500E+02 9.698
4.000E+02 1.081E+01
4.500E+02 1.191E+01
5.000E+02 1.302E+01
6.000E+02 1.524E+01
7.000E+02 1.747E+01
8.000E+02 1.969E+01
9.000E+02 2.192E+01
1.000E+03 2.415E+01
1.500E+03 3.530E+01
2.000E+03 4.647E+01
2.500E+03 5.765E+01
3.000E+03 6.883E+01
3.500E+03 8.002E+01
4.000E+03 9.121E+01
4.500E+03 1.024E+02
5.000E+03 1.136E+02
6.000E+03 1.360E+02
7.000E+03 1.584E+02
8.000E+03 1.808E+02
9.000E+03 2.032E+02
1.000E+04 2.256E+02
