0 3114.2
1 1090.94
2 460.639
3 429.849
4 395.114
5 383.999
6 365.396
7 356.933
8 356.933
9 356.933
10 356.034
11 347.552
12 346.486
13 345.969
14 343.647
15 338.859
16 332.849
17 327.046
18 322.932
19 315.374
20 309.144
21 309.144
22 303.123
23 302.577
24 302.577
25 302.412
26 302.412
27 302.412
28 302.412
29 301.988
30 301.951
31 301.903
32 301.807
33 301.745
34 301.698
35 301.632
36 301.583
37 301.503
38 301.483
39 301.341
40 301.254
41 301.254
42 301.254
43 301.243
44 301.243
45 301.243
46 301.243
47 301.243
48 301.243
49 301.238
50 301.238
51 301.238
52 301.238
53 301.238
54 301.238
55 301.238
56 301.238
57 301.237
58 301.237
59 301.237
60 301.237
61 301.237
62 301.237
63 301.237
64 301.237
65 301.237
66 301.237
67 301.237
68 301.237
69 301.237
70 301.237
71 301.237
72 301.236
73 301.236
74 301.236
75 301.236
76 301.236
77 301.236
78 301.236
79 301.236
80 301.236
81 301.236
82 301.236
83 301.236
84 301.236
85 301.236
86 301.235
87 301.235
88 301.235
89 301.235
90 301.235
91 301.235
92 301.235
93 301.235
94 301.235
95 301.235
96 301.235
97 301.235
98 301.235
99 301.235
