1.83244
1.69157
1.7816
1.67023
1.62903
1.63704
1.63135
1.66129
1.6279
1.64609
1.62982
1.58493
1.56546
1.55785
1.54676
1.54264
1.53856
1.51371
1.5287
1.52584
1.5253
1.51913
1.52926
1.52823
1.53682
1.55044
1.54116
1.5464
1.53821
1.53606
1.53355
1.54006
1.53191
1.53122
1.52413
1.52806
1.51633
1.51496
1.52133
1.52989
1.53833
1.5313
1.51907
1.5189
1.5183
1.51384
1.5062
1.51454
1.51986
1.51627
1.51535
1.51487
1.50986
1.51244
1.50921
1.50389
1.50213
1.49855
1.50945
1.51509
1.50794
1.5128
1.51431
1.52406
1.5293
1.53413
1.53292
1.5314
1.53348
1.53211
1.52805
1.52405
1.52218
1.51771
1.51626
1.51964
1.51751
1.51917
1.51872
1.51187
1.5115
1.51531
1.51307
1.51254
1.51162
1.50983
1.51129
1.5113
1.5109
1.51119
1.50967
1.50386
1.50423
1.50331
1.50221
1.50376
1.50519
1.50731
1.50787
1.50869
