1.04365 0.0302686 0.00314345 0.00414422 0.00712025 0.000154768 0.00867776 0.00697723 0.00649488 0.00911054 0.00558658 0.0133075 0.00224054 0.00634819 0.00336251 0.00475183 0.0178317 0.086661 0.018592 0.0868017 0.170413 0.0176399 0.0457301 0.0070911 0.00332174 0.0023157 0.000532698 0.00265933 0.0219712 0.0127486 0.0503312 0.0107934 0.227752 0.0658813 0.0583124 0.157355 
0.509613 0.0273909 0.00190824 0.00231675 0.000915239 0.00237194 0.00224288 0.00376324 0.00655143 0.00749938 0.00963459 0.0197183 0.00402228 0.0103251 0.0123693 0.0123994 0.0130441 0.147538 0.172878 0.0524845 0.0353685 0.000612862 0.000510603 0.00561442 0.00788462 0.00847889 0.00184871 0.010451 0.00226956 0.0207202 0.00319592 0.0107287 0.0870231 0.314977 0.691389 
0.47304 0.0422321 0.000597442 0.000399097 0.00107118 0.000204972 0.00720843 0.00697652 0.00640082 0.00521156 0.025009 0.00802103 0.0106823 0.00661597 0.00260593 0.0807792 0.305386 0.0265572 0.00134596 0.000338583 0.00275868 0.000621769 0.000432046 0.000799145 0.00186452 0.000259258 0.0033228 0.000404236 0.000605412 0.00220236 0.00629307 0.00768691 0.00408191 0.00636029 0.0203749 0.00184738 0.00546649 0.0365857 0.0347843 0.120177 0.223002 0.191468 0.125696 0.410775 
0.679295 0.0275733 0.00294795 0.0004588 0.00672643 0.00238323 0.00505665 0.00555421 0.0054803 0.000322855 0.00576835 0.0151166 0.0258565 0.0322885 0.00338337 0.0843904 0.286367 0.0451026 0.00116382 0.00679111 0.0120654 0.00550189 0.026897 0.0513058 0.202705 0.158523 0.521708 
0.493218 0.0347686 0.00485258 0.0005254 0.00450196 0.00753146 0.00410574 0.00251194 0.00357733 0.00547416 0.00511184 0.0148169 0.00300914 0.00279936 0.0531161 0.012087 0.012789 0.00499962 0.0123479 0.0182653 0.301877 0.0908636 0.00995102 0.00857577 0.0379407 0.0373302 0.325147 0.707784 
0.358426 0.0382594 0.00544953 0.00877569 0.000642266 0.0110262 0.000201618 0.00616585 0.00477365 0.0323978 0.0792416 0.0318297 0.0013888 0.237574 0.0519613 0.0305069 0.00185376 0.00343565 0.00184952 0.00394924 0.00061779 0.00786184 0.00146752 0.00423594 0.0146762 0.0175111 0.00239654 0.00149216 0.00289452 0.00288921 0.0183143 0.0630331 0.0185972 0.0350088 0.0698024 0.0182944 0.0562707 0.132037 0.842576 
0.533081 0.0483729 0.000238472 0.0152212 0.00479289 0.0106984 0.037094 0.00426851 0.00997912 0.0878581 0.0591662 0.17911 0.0531933 0.0291197 0.0137656 0.00879115 0.00156131 0.00880872 0.000489466 0.0013969 0.013388 0.0356738 0.0149916 0.0416762 0.189738 0.0563129 0.0112788 0.0818665 0.667922 
0.405042 0.0309811 0.00242047 0.00246285 0.00140623 0.00629395 0.000282411 0.00590783 0.00848157 0.00988378 0.00717807 0.00366861 0.000362936 0.0173599 0.0171128 0.00302244 0.00333403 0.0515904 0.178681 0.159476 0.0419395 0.00351441 0.000868554 0.0012303 0.00161509 0.00173237 0.00109857 0.000469677 0.00164863 0.000410675 0.0125022 0.00108635 0.0161233 0.0176882 0.0412691 0.174231 0.164058 0.0267652 0.79596 
0.675633 0.0427881 0.00128384 0.00199049 0.00213611 0.00265181 0.00779803 0.0179508 0.00637028 0.0157454 0.0192015 0.0847998 0.00131002 0.258546 0.0474063 0.0203853 0.000757138 0.00127284 0.00286721 0.00102453 0.00240215 0.000112354 0.00165807 0.00530065 0.00123454 0.000787276 0.0062003 0.00435621 0.000120772 0.00148132 0.00222328 0.0149137 0.00402777 0.00512379 0.0113912 0.0280566 0.02787 0.192203 0.14382 0.0274518 0.525369 
0.399315 0.0284419 0.00256086 0.00334213 0.0039185 0.0057859 0.000409079 0.00760963 0.0032396 0.0127941 0.00794786 0.00295821 0.0161743 0.0564217 0.00951859 0.172226 0.0997752 0.0651651 0.0113419 0.0239725 0.000515354 0.00208464 0.00222196 0.00348265 0.00224477 0.00447891 0.00407722 0.000412645 0.00418351 0.000177702 0.00215119 0.000579388 0.000950695 0.00831098 0.00704168 0.020067 0.0195967 0.018148 0.0410349 0.014985 0.0354947 0.0083646 0.223885 0.0599936 0.801687 
0.430472 0.0341876 0.00159023 0.00522355 0.00510876 0.000799556 0.00218296 0.000232537 0.00985763 0.00159074 0.014397 0.00108634 0.0011581 0.0143186 0.0354534 0.0222007 0.0130322 0.0052375 0.265662 0.0752127 0.0330949 0.00100963 0.00412004 0.00376341 0.00492849 0.00677777 0.00345913 0.00518633 0.0203655 0.0375784 0.0336475 0.122954 0.232833 0.77053 
0.00914562 0.031043 0.00396136 0.00546716 0.00034006 0.00353297 0.00409794 0.00674955 0.0124683 0.0143546 0.0346771 0.0418286 0.186465 0.164455 0.027381 0.00108009 0.00227048 0.00272316 0.000603075 0.002301 0.000888402 0.0056455 0.000504159 0.00150014 0.00127431 0.00579173 4.3721e-05 0.0110646 0.0166221 0.00158662 0.0282016 0.0505227 0.00134897 0.0702093 0.0168193 0.261529 0.657453 0.53439 
0.804749 0.0359987 5.58278e-05 0.000336701 0.000812054 0.000223807 0.00262147 0.00726982 0.00199752 0.0118535 0.00917692 0.025537 0.0442955 0.0431246 0.0205665 0.0365471 0.0565231 0.0143218 0.126353 0.0717458 0.0210338 0.00189649 9.84997e-06 0.000723492 0.0018269 0.000615289 0.00300952 0.00165581 0.00145701 0.00177191 0.00362466 0.00163668 0.00281985 0.00493141 0.000547833 0.00505802 0.0115514 0.00615662 0.0077906 0.00238817 0.048573 0.110757 0.268332 0.396253 
0.996287 0.0431194 0.00044722 0.00524216 0.00706489 0.000662502 0.000222023 0.00790015 0.00451439 0.0180085 0.0318393 0.0472746 0.0148857 0.127887 0.199523 0.0250914 0.00196749 0.000765676 0.00315878 0.00041092 0.00413789 0.00141918 0.00191365 0.00130784 0.00217182 0.00242238 0.00325518 0.00266171 0.00253906 0.000125691 0.00725027 0.00205904 0.0133359 0.00378244 0.0124031 0.0461322 0.153088 0.0808518 0.0275064 0.020766 0.0890133 0.204715 
1.01264 0.0405037 0.00653526 0.0029671 0.00937555 0.014904 0.000353356 0.000820531 0.00150879 0.0134801 0.017705 0.0233455 0.0215278 0.230078 0.807094 0.0377606 0.00565714 0.0025157 0.000424273 0.00540881 0.000485345 0.0115688 0.0227898 0.00858817 0.0109177 0.068883 0.002184 0.157678 0.188365 
0.392225 0.0465373 0.00797929 0.00975065 0.00314178 0.00760367 0.00180795 0.00374181 0.00277518 0.00413442 0.0330008 0.00903594 0.014339 0.0480355 0.318373 0.0283638 0.000120003 0.000960439 0.00365244 0.000651152 0.00358645 0.0030409 0.00913743 5.57407e-05 0.00581009 0.00857692 0.00677048 0.0111755 0.000786192 0.020314 0.00437319 0.00566335 0.0327806 0.0369995 0.326798 0.808777 
0.533293 0.0237413 0.00232508 0.00208051 0.000786111 0.00268474 0.00210116 0.00178078 0.00602326 0.00368304 0.00629203 0.0242626 0.0125238 0.0133843 0.0170276 0.0361946 0.0284929 0.137842 0.188402 0.0301894 0.00420648 0.00673447 0.00355073 0.00611656 0.00902442 0.00417099 0.00853205 0.000150255 0.0203292 0.0251744 0.00846378 0.100577 0.0376568 0.244239 0.667709 
0.370026 0.0294087 0.00193155 0.000633681 0.000119424 0.00335473 0.00274421 0.000571949 0.00338934 0.00428317 0.00135097 0.00355358 0.00363983 0.00361143 0.00177621 0.000767263 0.00493963 0.0105786 0.0320099 0.0292895 0.0574519 0.313364 0.0227944 0.00108475 0.00286639 0.00305667 0.00184022 0.00306007 0.00379731 0.00607896 0.00190039 0.000233588 0.00903432 0.00996323 0.0210606 0.0288187 0.00695601 0.0317293 0.0235815 0.293745 0.037764 0.830976 
0.517463 0.0298158 0.00044519 0.00394525 0.000542055 0.00100043 0.000955617 0.00622167 0.00243089 0.00323373 0.00131327 0.010049 0.0152185 0.0255375 0.0611324 0.0467492 0.300806 0.0355686 0.00234512 0.00484152 0.00822954 0.00881854 0.00177374 0.0127489 0.00915964 0.033275 0.00320539 0.0326406 0.0811276 0.275139 0.683539 
0.748472 0.0524183 0.00912094 0.00262775 0.0225086 0.0127258 0.0253582 0.0393206 0.237296 0.108682 0.0244893 0.000897715 8.26143e-05 0.00259814 0.00333424 0.000723733 0.00456606 0.00203601 0.00342458 0.00116016 0.000398008 0.000786429 0.00964639 0.0147672 0.00369757 0.0211202 0.0434423 0.0162282 0.0546099 0.139116 0.163021 0.45253 
0.796577 0.0269478 0.00135125 0.00235147 0.00126822 0.000526529 0.00363833 0.00200159 0.00711297 0.00320958 8.19647e-05 0.00265694 0.00505289 0.00218334 0.0134862 0.00685169 0.0175187 0.0275552 0.0746967 0.0236111 0.00624402 0.0225418 0.258988 0.0364191 0.00200307 0.00324241 0.00748023 0.000443279 0.0037255 0.00234235 0.0008367 0.00770384 0.0175693 0.0241143 0.00197948 0.0653979 0.0111247 0.325036 0.404425 
1.05864 0.03731 0.000536567 0.000396538 0.00660701 0.00164527 0.0109917 0.00725818 0.0217495 0.0104444 0.00192385 0.0538531 0.0494042 0.0703849 0.236637 0.0379093 0.00238141 0.00342706 0.0079796 0.0099401 0.0129594 0.0185027 0.0555521 0.133994 0.117744 0.109889 0.142365 
0.329063 0.028719 0.00402267 0.00157365 0.00195753 0.00599127 0.00026324 0.002606 0.00201691 0.00659096 0.00963805 0.0138421 0.0340067 0.0670322 0.00283755 0.0062073 0.0956948 0.0689081 0.109275 0.0476257 0.164993 0.177063 0.168351 0.87194 
0.804499 0.0366139 0.00122364 0.00180263 0.000980664 0.000349259 0.00645103 0.0121917 0.00616687 0.0115003 0.0157799 0.04696 0.0114132 0.0110433 0.221108 0.126091 0.0474271 0.00592229 0.00558021 0.00441053 0.000311957 0.0108307 0.00100899 0.000457355 0.0121964 0.0337957 0.010773 0.054 0.323274 0.396503 
0.807807 0.0324432 0.00364494 0.00240306 0.00418731 0.00053466 0.00699023 0.00190299 0.0101509 0.00750847 0.00376126 0.00872808 0.00155405 0.0194297 0.000782333 0.00819937 0.016993 0.0750982 0.304794 0.0302046 0.00209561 0.000226862 0.000190246 0.00284491 0.00120423 0.00466723 0.00140478 0.00968285 0.0116477 0.00569253 0.0215744 0.047922 0.0184664 0.149528 0.0836602 0.118917 0.393195 
0.877872 0.0314962 0.0035923 0.00399452 0.00166841 0.00445264 0.00544959 0.000390312 0.00591777 0.0119848 0.012834 0.000653955 0.0413289 0.00297792 0.0739935 0.035975 0.00452486 0.267893 0.0323209 0.00219763 0.00484672 0.00299333 0.000836369 0.00300394 0.00790379 0.000639043 0.00257369 1.24253e-05 0.0156678 0.000429127 0.0022292 0.00174002 0.0308526 0.00404958 0.0131073 0.0202551 0.0139295 0.0294812 0.101053 0.0392144 0.179667 0.32313 
0.357852 0.0375031 0.00018734 0.000552374 0.000399678 0.00569608 0.000591112 0.00843512 0.000467558 0.0109354 0.0172848 0.00865337 0.0378259 0.00480288 0.0701893 0.00329451 0.30287 0.0260783 0.00024826 0.000211247 0.00173946 0.000160452 0.00275213 0.00295063 0.00265522 0.00259659 0.00179863 0.00261251 0.00373936 0.0100366 0.00956181 0.00884773 0.0167145 0.000992841 0.0333566 0.00814041 0.00445417 0.0894991 0.0895555 0.189495 0.366027 0.476832 
0.417043 0.0448377 0.00479716 0.0112272 0.0133802 0.0344684 0.0153788 0.00209173 0.123015 0.521818 0.0483574 0.000253666 0.0112107 0.00078623 0.00403642 0.0132317 0.0283947 0.0387552 0.0201505 0.0357003 0.0796295 0.0255555 0.0900284 0.0409674 0.783959 
1.01844 0.0293062 0.00249822 0.000816662 0.00100778 0.00266044 0.000969815 0.00439957 0.000818917 0.000968476 0.000648752 0.00121445 0.00858151 0.00370845 0.00114976 0.000386475 0.00192211 0.0130706 0.000136315 0.0209254 0.00758053 0.0147284 0.010418 0.0126725 0.0912339 0.204952 0.073056 0.0430924 0.00620908 0.000602316 0.00806807 0.000476976 0.00215397 0.00725613 0.022267 0.0232906 0.0127171 0.01962 0.00539484 0.00846087 0.125865 0.126741 0.0968991 0.182557 
0.599082 0.0289461 0.00293401 0.00277497 0.00128663 0.00401636 0.000394183 0.00284439 0.00755802 0.00918739 0.00621471 0.00025094 0.0147374 0.00061485 0.0386715 0.0618851 0.32708 0.0449551 0.00978071 0.00252067 0.016918 0.0056777 0.00921918 0.0477841 0.00841852 0.065287 0.0560916 0.243093 0.60192 
0.718767 0.0343828 0.000140748 0.00207652 0.00213593 0.00224796 0.00106064 0.00315256 0.000551238 0.00218932 0.00391971 0.000715203 0.00591856 0.00809396 0.0159739 0.0327889 0.0187752 0.00179267 0.0967228 0.275881 0.0386749 0.00616019 0.00251701 0.00559256 0.000609956 0.00833465 0.0171146 0.00387493 0.00832935 0.00198305 0.0331763 0.0362154 0.249742 0.0976528 0.482235 
0.0349462 0.0368225 0.000290362 0.00473999 0.00228846 0.00413414 0.0021401 0.00985496 0.00416228 0.0200728 0.0067537 0.000334608 0.000713727 0.0329721 0.0204686 0.19056 0.126988 0.0460968 0.0369056 0.000539994 0.00253735 0.00233526 0.00216663 0.0102814 0.00106207 0.00315594 0.00668693 0.000937132 0.00124116 0.0208216 0.0207178 0.00454515 0.0507956 0.0437303 0.113115 0.00324922 0.149973 0.0342803 0.724518 0.441521 
0.457357 0.0344476 0.000707753 0.00022496 0.00315787 0.00713053 0.00814566 0.00788746 0.0118268 0.00476721 0.00530912 0.0407254 0.00791022 0.0327732 0.344405 0.0305696 0.00387131 2.25633e-05 0.000912617 0.000216103 0.00110892 0.000540242 0.00264493 0.000985432 0.00112464 0.000128541 0.00550137 0.00166732 0.00866839 0.0151851 0.0275111 0.0180089 0.0403986 0.247132 0.00270227 0.100695 0.743646 
0.336549 0.026394 0.00320842 0.00206705 0.00239748 0.00302846 0.00313679 0.00392917 0.000688883 0.00373398 0.0079139 0.000307473 0.001222 0.0151424 0.00687252 0.0226859 0.0427413 0.155959 0.208202 0.0623429 0.0139769 0.0112845 0.00193585 0.0250604 0.0149874 0.00359457 0.026615 0.00483327 0.109871 0.0133716 0.221858 0.691745 0.172699 
0.688098 0.0496277 0.00183785 0.00421002 0.00309714 0.0124846 0.0243114 0.028186 0.0159518 0.0285615 0.26074 0.0807252 0.0378532 0.00527446 0.00579161 0.0115455 0.00133407 0.0111593 0.0145707 0.0182485 0.0239367 0.0490853 0.331506 0.512904 
0.434223 0.0308232 0.0015593 0.004234 0.00561081 0.00132983 0.00102707 0.00554343 0.00893191 0.00380743 0.0101093 0.00683376 0.00831841 0.0133227 0.0286592 0.0220265 0.12824 0.0668835 0.072374 0.0726338 0.0162431 0.0437446 0.00803468 0.00150214 0.0120727 0.000352997 0.0166432 0.00644793 0.0168245 0.0215118 0.016166 0.0093396 0.0386034 0.0453206 0.272595 0.766779 
0.915646 0.0208994 0.0014409 0.000100635 0.00207521 0.00178673 0.000114108 0.00127116 0.00134683 0.00175472 0.00315437 0.00501507 0.00855877 0.00707576 0.0131972 0.00651562 0.0010257 0.0139398 0.0106062 0.000494686 0.0285298 0.0362445 0.0521556 0.0566593 0.107946 0.126522 0.0274224 0.000608764 0.00162824 0.00206405 0.00342366 0.00500865 0.00697026 0.000368757 0.00699708 0.00172949 0.0031247 0.0052436 0.0114962 0.00622576 0.00335075 0.000887803 0.0468001 0.112406 0.263028 0.285356 
0.629114 0.028018 0.00225938 0.00175729 0.000453623 0.00133862 0.00238501 0.00241127 0.00670688 4.54375e-05 0.000444505 0.00857477 0.00275401 0.00979201 0.00434574 0.02338 0.00358378 0.00998151 0.054997 0.159817 0.0105085 0.175246 0.0399619 0.00333838 0.00103883 0.000274525 9.71127e-05 0.00457063 0.0122458 0.00133477 0.0154564 0.00113685 0.0283554 0.00849978 0.0110362 0.0145191 0.057326 0.0480885 0.211128 0.0507001 0.571889 
0.378767 0.0310912 0.00265713 0.0054844 0.00169541 0.00430525 0.000908671 0.00745528 0.00503583 0.000602848 0.00458092 0.00785384 0.00653375 0.0336044 0.043277 0.00213113 0.0455479 0.0302163 0.018235 0.257876 0.0230784 0.00039273 0.000566302 0.000295507 0.00244472 0.00264781 0.00190574 0.00168812 0.00253936 0.0053367 0.000502742 0.00770113 0.00110689 0.0124955 0.000961616 0.0110321 0.0351846 0.0297367 0.0375351 0.116659 0.0286099 0.186619 0.822235 
0.50735 0.0258445 0.000365976 9.92077e-05 0.00147706 3.56457e-05 0.000654391 0.000158297 0.000113563 0.00388465 0.000902295 0.00360602 0.00648129 0.0054206 0.00498022 0.00190362 0.00767856 0.00158333 0.00421746 0.00251716 0.00152044 0.00141416 0.022557 0.00452363 0.00616516 0.0199783 0.00388601 0.0906014 0.168114 0.036587 0.0624515 0.0183505 0.0319388 0.00420399 0.0029445 0.00492271 0.00381461 0.00164917 0.0101813 7.66707e-05 0.0139291 0.0274218 0.0417966 0.00809434 0.0540375 0.123478 0.0184462 0.0273772 0.134511 0.693652 
0.577791 0.022218 2.40917e-05 0.00182458 0.000829205 0.001123 0.00224036 0.0034048 0.00137419 0.00360633 0.000377933 0.00113833 0.000511847 0.00262565 0.00613819 0.00483785 0.000625681 0.0211425 0.0203926 0.0113398 0.0227188 0.0469768 0.332471 0.0286933 0.00212091 0.00182699 0.00266694 0.00156576 0.000193079 0.00117384 0.00291907 0.00187424 0.00138677 0.00549421 0.0072876 0.00327677 0.00139989 0.00833652 0.00157505 0.019194 0.0227952 0.0839867 0.311564 0.623211 
0.991993 0.0204961 0.00116112 0.00114681 9.88235e-05 0.00115602 0.00259047 0.00141556 0.00155741 0.00213418 0.00283607 0.00386612 0.00266447 0.00826857 0.00683332 0.00529124 0.0148598 0.004433 0.0258639 0.0327545 0.00649231 0.0235218 0.0323607 0.306937 0.0263559 0.0027134 0.00156345 0.00177193 0.000702398 0.0012713 0.00290973 0.0014492 0.00464611 0.00644025 0.00850754 0.00956468 0.0107642 0.0040005 0.000642098 0.0111363 0.0503128 0.016848 0.346651 0.201014 0.00798203 
0.864556 0.0230362 0.00289535 0.00252324 0.0025372 0.0030508 0.00486947 0.000170667 0.00297995 0.0014602 0.00875701 0.00196664 0.0119548 0.0115153 0.0187662 0.0318605 0.0908874 0.014661 0.1458 0.129386 0.0243062 0.00279332 0.00280678 0.00235329 0.00403345 0.0053998 0.00698511 0.00320797 0.00464852 0.00723381 0.00949582 0.00383005 0.00615306 0.0340637 0.0768593 0.0810307 0.155491 0.0792123 0.336446 
0.547743 0.0370842 0.0043341 0.00167956 0.00242605 0.00339684 0.0046975 0.00268223 0.0162077 0.0164833 0.0336773 0.0282448 0.188758 0.169479 0.0355052 0.00342948 0.0076441 0.00210555 0.00680545 0.0127378 0.00742943 0.00334285 0.0223755 0.0217284 0.0942236 0.0261877 0.170749 0.0276071 0.0678161 0.653259 
0.563712 0.0333892 0.00311269 0.00210439 0.000228551 0.00526198 0.000479039 0.00386951 0.00834853 0.00357436 0.00702536 0.00308596 0.0157508 0.00784096 0.0541136 0.0569399 0.30402 0.0477381 0.000635364 0.00809771 0.000840753 0.00409427 0.00109344 0.00447329 0.0256317 0.0165423 0.0026373 0.0105305 0.0606214 0.0247695 0.0878326 0.213599 0.568229 0.0690441 
0.429663 0.0319934 0.00400859 0.00352105 0.00709248 0.00803016 0.0126428 0.0125296 0.0125814 0.018483 0.0607294 0.338403 0.0693978 0.0159229 0.0269215 0.00247838 0.0389587 0.0334561 0.298244 0.0246716 0.451708 0.31934 
0.45273 0.028932 0.00285056 0.00573145 0.000592736 0.00413888 0.000603921 0.00785999 0.000274882 0.00166641 0.0137686 0.0101021 0.00390133 0.00311316 0.00319033 0.00488151 0.00255872 0.00165973 0.034135 0.00285332 0.0026225 0.0780224 0.0891287 0.0100431 0.196649 0.0284109 0.00350437 0.00379451 0.00458048 0.00526978 0.00930776 0.0040419 0.00827687 0.00934615 0.000817961 0.00104556 0.00114186 0.00276142 0.0173954 0.0121123 0.000733668 0.0177568 0.0274366 0.140081 0.210699 0.748272 
0.641766 0.0786477 0.0208603 0.0524068 0.0314077 0.04551 0.559713 0.302296 0.0321634 0.00465392 0.00114027 0.0020296 0.000213713 0.0066968 0.00549186 0.00635531 0.0103265 0.0122623 0.0141853 0.000402544 0.0335618 0.057924 0.0206933 0.221606 0.559236 
0.704268 0.0208854 0.00105929 0.00085924 0.00135466 0.000109553 0.000755887 0.00157562 0.00070151 0.00201622 0.00324117 0.00152681 0.0010645 0.0021126 0.000239525 0.000329076 0.000825516 0.00717066 3.31374e-05 0.00746861 0.011431 0.00745925 0.000330984 0.00892263 0.00684378 0.0305725 0.0278782 0.0639939 0.298184 0.0358453 0.00503301 0.00653614 1.10721e-05 0.00505812 0.00145476 0.00195149 0.00700155 0.0232957 0.0256242 0.00657628 0.0171563 0.145396 0.22821 0.230174 0.266551 
0.848529 0.0330739 0.00031769 0.00398905 0.00381273 0.00645515 0.000995258 0.00575237 1.75242e-05 0.00424838 0.0147026 0.0108907 0.00204608 0.0207569 0.0405948 0.023544 0.0305377 0.032395 0.0276711 0.000113134 0.246878 0.0296508 0.00226159 0.00297233 0.00334044 0.00643135 0.00543051 0.00501592 8.73269e-05 0.00115827 0.00761311 0.00604237 0.000557051 0.0291773 0.0217649 0.0264335 0.0139976 0.0258612 0.163838 0.0624597 0.0950107 0.352473 
0.405139 0.0241771 0.00277351 0.00131702 0.001921 0.00524267 0.000612657 0.00482675 0.00274478 0.00646931 0.00447176 0.00249401 0.010475 0.0092908 0.00127597 0.00599659 0.0107023 0.030422 0.0166285 0.173611 0.193896 0.0297157 0.00252049 0.00258746 0.00501693 0.00163798 0.00832579 0.00237328 0.00963776 0.0042141 0.000917969 0.0236397 0.0364539 0.113345 0.120924 0.0857988 0.0625689 0.795864 
0.821836 0.0246781 0.00076176 0.00240825 0.00350953 0.00338455 0.00202309 0.00157605 0.00450547 0.00395163 0.000382408 0.00160827 0.000325288 0.0117003 0.0133293 0.0176738 0.0289986 0.0770521 0.0852474 0.0174074 0.0339636 0.174292 0.0346756 0.004468 0.00415168 0.00296207 0.00791287 0.0132709 0.00909418 0.00263091 0.0129172 0.0294 0.05554 0.0170819 0.315874 0.379166 
0.658744 0.0356587 0.000812161 0.00561142 0.00183722 0.00408198 0.00262154 0.00115321 0.00173602 0.00209633 0.0136793 0.00140037 0.0012779 0.0169706 0.011233 0.0621123 0.0793584 0.228415 0.0390535 0.0217012 0.0019333 0.001634 0.000507653 0.00147939 0.00210646 0.00164176 0.000717242 0.000637762 0.00125128 0.00471085 0.00355665 0.00449197 0.00198391 0.00485437 0.00430228 0.0121943 0.0128156 0.0191165 0.0470234 0.0270065 0.312382 0.0201102 0.185684 0.356565 
0.270973 0.0391275 0.0048811 0.00554294 0.0103475 0.00779443 0.00478952 0.0229636 0.0494521 0.000343593 0.0547217 0.0424208 0.00904786 0.0358618 0.040512 0.0781612 0.10427 0.0259219 0.00144151 0.000345724 0.00244844 0.00144892 0.000464311 0.000819644 0.00101965 0.00252914 0.00387413 0.00413025 0.00975535 0.00336188 0.0181549 0.0306289 0.0532568 0.0175023 0.270651 0.0607516 0.930029 
0.537331 0.0404405 0.00132751 0.00768028 0.00777883 0.0147976 0.0274789 0.0330434 0.100826 0.276664 0.0278181 0.00250621 0.00415548 0.00446539 0.00424131 0.00162911 0.00879346 0.0175764 0.00226191 0.010923 0.0125899 0.00190004 0.00575712 0.00451685 0.0661928 0.0221321 0.00411496 0.307813 0.663671 
0.43053 0.0295993 0.00350231 0.000960316 0.00307795 0.00144115 0.0062695 0.00129562 0.00674598 0.00440377 0.00082877 0.00530573 0.012712 0.0292193 0.067782 0.336821 0.0297607 0.00315262 0.00364311 0.00601096 0.00747124 0.0070461 0.00649269 0.0211716 0.0262895 0.0192281 0.0270287 0.0124694 0.0572904 0.0137077 0.100542 0.0523586 0.115993 0.770472 
0.465423 0.0476017 0.00035535 0.00269548 0.00308339 0.0109017 0.0126716 0.0016338 0.00797526 0.00898516 0.0197508 0.0676517 0.0536828 0.00365982 0.268771 0.0226603 0.00110708 0.00377472 0.00295768 0.00412482 0.00480556 0.00428588 0.00565756 0.00177675 0.00883887 0.00850088 0.0010294 0.013487 0.00303561 0.0235242 0.00396834 0.00574463 0.00435135 0.0124053 0.0690825 0.0760995 0.0420131 0.0399114 0.123335 0.0208725 0.73558 
