0.01 210524
0.03 40571
0.05 16172
0.07 8352
0.09 5486
0.11 3852
0.13 3143
0.15 2452
0.17 1947
0.19 1686
0.21 1441
0.23 1269
0.25 1166
0.27 988
0.29 899
0.31 818
0.33 768
0.35 651
0.37 642
0.39 580
0.41 558
0.43 531
0.45 474
0.47 424
0.49 437
0.51 419
0.53 410
0.55 359
0.57 355
0.59 336
0.61 342
0.63 302
0.65 327
0.67 274
0.69 290
0.71 317
0.73 274
0.75 261
0.77 265
0.79 271
0.81 247
0.83 254
0.85 235
0.87 232
0.89 230
0.91 208
0.93 228
0.95 195
0.97 214
0.99 222
1.01 160
1.03 206
1.05 212
1.07 192
1.09 202
1.11 177
1.13 178
1.15 163
1.17 159
1.19 169
1.21 167
1.23 163
1.25 163
1.27 170
1.29 195
1.31 165
1.33 154
1.35 169
1.37 162
1.39 166
1.41 145
1.43 181
1.45 143
1.47 137
1.49 151
1.51 143
1.53 156
1.55 123
1.57 133
1.59 129
1.61 135
1.63 142
1.65 149
1.67 138
1.69 119
1.71 124
1.73 116
1.75 136
1.77 111
1.79 114
1.81 130
1.83 135
1.85 119
1.87 142
1.89 107
1.91 136
1.93 130
1.95 151
1.97 134
1.99 138
2.01 122
2.03 114
2.05 104
2.07 113
2.09 120
2.11 110
2.13 114
2.15 103
2.17 113
2.19 118
2.21 104
2.23 108
2.25 103
2.27 104
2.29 113
2.31 113
2.33 103
2.35 129
2.37 120
2.39 90
2.41 126
2.43 99
2.45 107
2.47 110
2.49 108
2.51 108
2.53 109
2.55 101
2.57 93
2.59 87
2.61 121
2.63 95
2.65 105
2.67 105
2.69 101
2.71 97
2.73 88
2.75 95
2.77 104
2.79 94
2.81 90
2.83 94
2.85 91
2.87 106
2.89 103
2.91 92
2.93 96
2.95 104
2.97 97
2.99 108
3.01 97
3.03 104
3.05 95
3.07 98
3.09 87
3.11 92
3.13 113
3.15 98
3.17 108
3.19 95
3.21 86
3.23 100
3.25 97
3.27 82
3.29 95
3.31 100
3.33 94
3.35 85
3.37 109
3.39 93
3.41 73
3.43 92
3.45 84
3.47 88
3.49 69
3.51 102
3.53 87
3.55 83
3.57 90
3.59 103
3.61 87
3.63 87
3.65 77
3.67 82
3.69 77
3.71 91
3.73 99
3.75 74
3.77 105
3.79 87
3.81 94
3.83 78
3.85 88
3.87 93
3.89 91
3.91 100
3.93 91
3.95 84
3.97 107
3.99 84
4.01 84
4.03 88
4.05 85
4.07 104
4.09 87
4.11 109
4.13 93
4.15 86
4.17 101
4.19 97
4.21 99
4.23 100
4.25 96
4.27 94
4.29 100
4.31 78
4.33 107
4.35 72
4.37 97
4.39 99
4.41 91
4.43 94
4.45 103
4.47 101
4.49 87
4.51 89
4.53 108
4.55 115
4.57 105
4.59 97
4.61 98
4.63 95
4.65 114
4.67 92
4.69 114
4.71 96
4.73 80
4.75 110
4.77 117
4.79 88
4.81 113
4.83 100
4.85 102
4.87 117
4.89 96
4.91 111
4.93 110
4.95 130
4.97 103
4.99 132
5.01 118
5.03 112
5.05 102
5.07 115
5.09 134
5.11 129
5.13 126
5.15 120
5.17 135
5.19 118
5.21 123
5.23 110
5.25 118
5.27 148
5.29 132
5.31 137
5.33 148
5.35 145
5.37 143
5.39 147
5.41 149
5.43 165
5.45 177
5.47 156
5.49 157
5.51 174
5.53 171
5.55 193
5.57 173
5.59 162
5.61 219
5.63 183
5.65 230
5.67 228
5.69 226
5.71 223
5.73 265
5.75 254
5.77 287
5.79 317
5.81 319
5.83 345
5.85 334
5.87 413
5.89 90
5.91 0
5.93 0
5.95 0
5.97 0
5.99 0
6.01 0
6.03 0
6.05 0
6.07 0
6.09 0
6.11 0
6.13 0
6.15 0
6.17 0
6.19 0
6.21 0
6.23 0
6.25 0
6.27 0
6.29 0
6.31 0
6.33 0
6.35 0
6.37 0
6.39 0
6.41 0
6.43 0
6.45 0
6.47 0
6.49 0
6.51 0
6.53 0
6.55 0
6.57 0
6.59 0
6.61 0
6.63 0
6.65 0
6.67 0
6.69 0
6.71 0
6.73 0
6.75 0
6.77 0
6.79 0
6.81 0
6.83 0
6.85 0
6.87 0
6.89 0
6.91 0
6.93 0
6.95 0
6.97 0
6.99 0
7.01 0
7.03 0
7.05 0
7.07 0
7.09 0
7.11 0
7.13 0
7.15 0
7.17 0
7.19 0
7.21 0
7.23 0
7.25 0
7.27 0
7.29 0
7.31 0
7.33 0
7.35 0
7.37 0
7.39 0
7.41 0
7.43 0
7.45 0
7.47 0
7.49 0
7.51 0
7.53 0
7.55 0
7.57 0
7.59 0
7.61 0
7.63 0
7.65 0
7.67 0
7.69 0
7.71 0
7.73 0
7.75 0
7.77 0
7.79 0
7.81 0
7.83 0
7.85 0
7.87 0
7.89 0
7.91 0
7.93 0
7.95 0
7.97 0
7.99 0
8.01 0
8.03 0
8.05 0
8.07 0
8.09 0
8.11 0
8.13 0
8.15 0
8.17 0
8.19 0
8.21 0
8.23 0
8.25 0
8.27 0
8.29 0
8.31 0
8.33 0
8.35 0
8.37 0
8.39 0
8.41 0
8.43 0
8.45 0
8.47 0
8.49 0
8.51 0
8.53 0
8.55 0
8.57 0
8.59 0
8.61 0
8.63 0
8.65 0
8.67 0
8.69 0
8.71 0
8.73 0
8.75 0
8.77 0
8.79 0
8.81 0
8.83 0
8.85 0
8.87 0
8.89 0
8.91 0
8.93 0
8.95 0
8.97 0
8.99 0
9.01 0
9.03 0
9.05 0
9.07 0
9.09 0
9.11 0
9.13 0
9.15 0
9.17 0
9.19 0
9.21 0
9.23 0
9.25 0
9.27 0
9.29 0
9.31 0
9.33 0
9.35 0
9.37 0
9.39 0
9.41 0
9.43 0
9.45 0
9.47 0
9.49 0
9.51 0
9.53 0
9.55 0
9.57 0
9.59 0
9.61 0
9.63 0
9.65 0
9.67 0
9.69 0
9.71 0
9.73 0
9.75 0
9.77 0
9.79 0
9.81 0
9.83 0
9.85 0
9.87 0
9.89 0
9.91 0
9.93 0
9.95 0
9.97 0
9.99 0
10.01 0
10.03 0
10.05 0
10.07 0
10.09 0
10.11 0
10.13 0
10.15 0
10.17 0
10.19 0
10.21 0
10.23 0
10.25 0
10.27 0
10.29 0
10.31 0
10.33 0
10.35 0
10.37 0
10.39 0
10.41 0
10.43 0
10.45 0
10.47 0
10.49 0
10.51 0
10.53 0
10.55 0
10.57 0
10.59 0
10.61 0
10.63 0
10.65 0
10.67 0
10.69 0
10.71 0
10.73 0
10.75 0
10.77 0
10.79 0
10.81 0
10.83 0
10.85 0
10.87 0
10.89 0
10.91 0
10.93 0
10.95 0
10.97 0
10.99 0
11.01 0
11.03 0
11.05 0
11.07 0
11.09 0
11.11 0
11.13 0
11.15 0
11.17 0
11.19 0
11.21 0
11.23 0
11.25 0
11.27 0
11.29 0
11.31 0
11.33 0
11.35 0
11.37 0
11.39 0
11.41 0
11.43 0
11.45 0
11.47 0
11.49 0
11.51 0
11.53 0
11.55 0
11.57 0
11.59 0
11.61 0
11.63 0
11.65 0
11.67 0
11.69 0
11.71 0
11.73 0
11.75 0
11.77 0
11.79 0
11.81 0
11.83 0
11.85 0
11.87 0
11.89 0
11.91 0
11.93 0
11.95 0
11.97 0
