0.01 973491
0.02 210595
0.03 134309
0.04 94065
0.05 54829
0.06 36185
0.07 26448
0.08 20868
0.09 17408
0.1 14507
0.11 12171
0.12 10279
0.13 9193
0.14 8084
0.15 7419
0.16 6709
0.17 6142
0.18 5646
0.19 5312
0.2 4834
0.21 4714
0.22 4428
0.23 4049
0.24 4018
0.25 3730
0.26 3507
0.27 3374
0.28 3317
0.29 3176
0.3 3183
0.31 2967
0.32 2713
0.33 2796
0.34 2587
0.35 2580
0.36 2396
0.37 2486
0.38 2390
0.39 2312
0.4 2298
0.41 2209
0.42 2143
0.43 2035
0.44 2120
0.45 2058
0.46 2038
0.47 1959
0.48 1974
0.49 1895
0.5 1849
0.51 1849
0.52 1856
0.53 1889
0.54 1749
0.55 1770
0.56 1769
0.57 1747
0.58 1751
0.59 1730
0.6 1741
0.61 1717
0.62 1735
0.63 1718
0.64 1725
0.65 1759
0.66 1710
0.67 1795
0.68 1796
0.69 1851
0.7 1891
0.71 1911
0.72 1996
0.73 2051
0.74 2148
0.75 2203
0.76 2411
0.77 2499
0.78 2651
0.79 2847
0.8 1884
0.81 61
0.82 5
0.83 2
0.84 1
0.85 0
0.86 0
0.87 0
0.88 0
0.89 0
0.9 0
0.91 0
0.92 0
0.93 0
0.94 0
0.95 0
0.96 0
0.97 0
0.98 0
0.99 0
1.0 1
