0.01 232764
0.03 44956
0.05 17801
0.07 9100
0.09 6078
0.11 4488
0.13 3381
0.15 2687
0.17 2148
0.19 1825
0.21 1592
0.23 1469
0.25 1228
0.27 1112
0.29 1003
0.31 951
0.33 942
0.35 821
0.37 777
0.39 691
0.41 694
0.43 589
0.45 640
0.47 573
0.49 553
0.51 519
0.53 508
0.55 494
0.57 461
0.59 477
0.61 418
0.63 431
0.65 417
0.67 414
0.69 377
0.71 371
0.73 384
0.75 346
0.77 380
0.79 328
0.81 349
0.83 316
0.85 324
0.87 335
0.89 324
0.91 295
0.93 320
0.95 317
0.97 268
0.99 257
1.01 293
1.03 290
1.05 305
1.07 253
1.09 265
1.11 270
1.13 274
1.15 250
1.17 247
1.19 285
1.21 249
1.23 250
1.25 253
1.27 245
1.29 251
1.31 240
1.33 241
1.35 225
1.37 252
1.39 270
1.41 245
1.43 242
1.45 231
1.47 257
1.49 221
1.51 242
1.53 199
1.55 227
1.57 223
1.59 221
1.61 223
1.63 252
1.65 259
1.67 243
1.69 247
1.71 234
1.73 205
1.75 253
1.77 232
1.79 217
1.81 267
1.83 228
1.85 208
1.87 244
1.89 250
1.91 256
1.93 247
1.95 255
1.97 284
1.99 257
2.01 263
2.03 269
2.05 269
2.07 318
2.09 286
2.11 291
2.13 279
2.15 275
2.17 303
2.19 320
2.21 360
2.23 357
2.25 389
2.27 442
2.29 462
2.31 528
2.33 506
2.35 596
2.37 611
2.39 63
2.41 2
2.43 0
2.45 0
2.47 0
2.49 0
2.51 0
2.53 0
2.55 0
2.57 0
2.59 0
2.61 0
2.63 0
2.65 0
2.67 0
2.69 0
2.71 0
2.73 0
2.75 0
2.77 0
2.79 0
2.81 0
2.83 0
2.85 0
2.87 0
2.89 0
2.91 0
2.93 0
2.95 0
2.97 0
2.99 0
3.01 0
3.03 0
3.05 0
3.07 0
3.09 0
3.11 0
3.13 0
3.15 0
3.17 0
3.19 0
3.21 0
3.23 0
3.25 0
3.27 0
3.29 0
3.31 0
3.33 0
3.35 0
3.37 0
3.39 0
3.41 0
3.43 0
3.45 0
3.47 0
3.49 0
3.51 0
3.53 0
3.55 0
3.57 0
3.59 0
3.61 0
3.63 0
3.65 0
3.67 0
3.69 0
3.71 0
3.73 0
3.75 0
3.77 0
3.79 0
3.81 0
3.83 0
3.85 0
3.87 0
3.89 0
3.91 0
3.93 0
3.95 0
3.97 0
3.99 0
4.01 0
4.03 0
4.05 0
4.07 0
4.09 0
4.11 0
4.13 0
4.15 0
4.17 0
4.19 0
4.21 0
4.23 0
4.25 0
4.27 0
4.29 0
4.31 0
4.33 0
4.35 0
4.37 0
4.39 0
4.41 0
4.43 0
4.45 0
4.47 0
4.49 0
4.51 0
4.53 0
4.55 0
4.57 0
4.59 0
4.61 0
4.63 0
4.65 0
4.67 0
4.69 0
4.71 0
4.73 0
4.75 0
4.77 0
4.79 0
4.81 0
4.83 0
4.85 0
4.87 0
4.89 0
4.91 0
4.93 0
4.95 0
4.97 0
4.99 0
5.01 0
5.03 0
5.05 0
5.07 0
5.09 0
5.11 0
5.13 0
5.15 0
5.17 0
5.19 0
5.21 0
5.23 0
5.25 0
5.27 0
5.29 0
5.31 0
5.33 0
5.35 0
5.37 0
5.39 0
5.41 0
5.43 0
5.45 0
5.47 0
5.49 0
5.51 0
5.53 0
5.55 0
5.57 0
5.59 0
5.61 0
5.63 0
5.65 0
5.67 0
5.69 0
5.71 0
5.73 0
5.75 0
5.77 0
5.79 0
5.81 0
5.83 0
5.85 0
5.87 0
5.89 0
5.91 0
5.93 0
5.95 0
5.97 0
5.99 0
6.01 0
6.03 0
6.05 0
6.07 0
6.09 0
6.11 0
6.13 0
6.15 0
6.17 0
6.19 0
6.21 0
6.23 0
6.25 0
6.27 0
6.29 0
6.31 0
6.33 0
6.35 0
6.37 0
6.39 0
6.41 0
6.43 0
6.45 0
6.47 0
6.49 0
6.51 0
6.53 0
6.55 0
6.57 0
6.59 0
6.61 0
6.63 0
6.65 0
6.67 0
6.69 0
6.71 0
6.73 0
6.75 0
6.77 0
6.79 0
6.81 0
6.83 0
6.85 0
6.87 0
6.89 0
6.91 0
6.93 0
6.95 0
6.97 0
6.99 0
7.01 0
7.03 0
7.05 0
7.07 0
7.09 0
7.11 0
7.13 0
7.15 0
7.17 0
7.19 0
7.21 0
7.23 0
7.25 0
7.27 0
7.29 0
7.31 0
7.33 0
7.35 0
7.37 0
7.39 0
7.41 0
7.43 0
7.45 0
7.47 0
7.49 0
7.51 0
7.53 0
7.55 0
7.57 0
7.59 0
7.61 0
7.63 0
7.65 0
7.67 0
7.69 0
7.71 0
7.73 0
7.75 0
7.77 0
7.79 0
7.81 0
7.83 0
7.85 0
7.87 0
7.89 0
7.91 0
7.93 0
7.95 0
7.97 0
7.99 0
8.01 0
8.03 0
8.05 0
8.07 0
8.09 0
8.11 0
8.13 0
8.15 0
8.17 0
8.19 0
8.21 0
8.23 0
8.25 0
8.27 0
8.29 0
8.31 0
8.33 0
8.35 0
8.37 0
8.39 0
8.41 0
8.43 0
8.45 0
8.47 0
8.49 0
8.51 0
8.53 0
8.55 0
8.57 0
8.59 0
8.61 0
8.63 0
8.65 0
8.67 0
8.69 0
8.71 0
8.73 0
8.75 0
8.77 0
8.79 0
8.81 0
8.83 0
8.85 0
8.87 0
8.89 0
8.91 0
8.93 0
8.95 0
8.97 0
8.99 0
9.01 0
9.03 0
9.05 0
9.07 0
9.09 0
9.11 0
9.13 0
9.15 0
9.17 0
9.19 0
9.21 0
9.23 0
9.25 0
9.27 0
9.29 0
9.31 0
9.33 0
9.35 0
9.37 0
9.39 0
9.41 0
9.43 0
9.45 0
9.47 0
9.49 0
9.51 0
9.53 0
9.55 0
9.57 0
9.59 0
9.61 0
9.63 0
9.65 0
9.67 0
9.69 0
9.71 0
9.73 0
9.75 0
9.77 0
9.79 0
9.81 0
9.83 0
9.85 0
9.87 0
9.89 0
9.91 0
9.93 0
9.95 0
9.97 0
9.99 0
10.01 0
10.03 0
10.05 0
10.07 0
10.09 0
10.11 0
10.13 0
10.15 0
10.17 0
10.19 0
10.21 0
10.23 0
10.25 0
10.27 0
10.29 0
10.31 0
10.33 0
10.35 0
10.37 0
10.39 0
10.41 0
10.43 0
10.45 0
10.47 0
10.49 0
10.51 0
10.53 0
10.55 0
10.57 0
10.59 0
10.61 0
10.63 0
10.65 0
10.67 0
10.69 0
10.71 0
10.73 0
10.75 0
10.77 0
10.79 0
10.81 0
10.83 0
10.85 0
10.87 0
10.89 0
10.91 0
10.93 0
10.95 0
10.97 0
10.99 0
11.01 0
11.03 0
11.05 0
11.07 0
11.09 0
11.11 0
11.13 0
11.15 0
11.17 0
11.19 0
11.21 0
11.23 0
11.25 0
11.27 0
11.29 0
11.31 0
11.33 0
11.35 0
11.37 0
11.39 0
11.41 0
11.43 0
11.45 0
11.47 0
11.49 0
11.51 0
11.53 0
11.55 0
11.57 0
11.59 0
11.61 0
11.63 0
11.65 0
11.67 0
11.69 0
11.71 0
11.73 0
11.75 0
11.77 0
11.79 0
11.81 0
11.83 0
11.85 0
11.87 0
11.89 0
11.91 0
11.93 0
11.95 0
11.97 0
