0.505871 0.0322645 0.00109157 0.00224624 0.015696 0.00135284 0.00402579 0.00450303 0.00522236 0.000969533 0.00207097 0.0218493 0.0111585 0.00705559 0.0114105 0.00360464 0.0176037 0.04776 0.00545677 0.126885 0.0844787 0.100954 0.0287655 0.00225174 0.00125333 0.00445897 0.00252643 0.00114916 0.0081402 0.00916015 0.0107495 0.00882988 0.0131651 0.00183195 0.0163765 0.0170094 0.00247139 0.109753 0.270671 1.08613 
0.594189 0.0218484 0.00195826 0.00188001 0.00121909 0.00123824 0.00353579 0.00500238 0.00161358 0.00277488 0.00033435 0.00142994 0.00419366 0.0106611 0.000913587 0.015447 0.00650922 0.000970197 0.0137727 0.0195851 0.0647811 0.0529149 0.0387243 0.0551953 0.0113813 0.0178293 0.015141 0.137853 0.0267433 0.00133951 0.00355941 0.000539301 0.00439109 0.0052959 0.000217065 0.0073152 0.00386533 0.0133633 0.00103538 0.000397864 0.00349373 0.0149677 0.00570358 0.0514225 0.0760676 0.250501 0.0385693 0.997813 
1.25304 0.0263257 0.000832131 0.000413197 0.00305384 0.00322013 0.00452206 0.000399654 0.000584034 0.00147326 0.0070489 0.00155091 0.000199179 0.0048939 0.0109288 0.0099711 0.00179826 0.013511 0.0244132 0.0769744 0.0164109 0.195042 1.0033 0.0292245 0.000626326 0.0031078 0.00273434 0.00178378 0.00162866 0.000553791 0.00511323 0.00441195 0.00733362 0.000900846 0.000400394 0.00249903 0.0152218 0.0263232 0.0389528 0.202421 0.0112508 0.126661 0.027416 0.338959 
1.00066 0.0320927 0.00411899 0.00489746 0.0059244 0.00215596 0.00175163 0.00869025 0.000180517 0.0129642 0.00279219 0.000576266 0.00664544 0.00242564 0.0165789 0.00333432 0.0118102 0.0806642 0.00652985 0.0966834 0.0381308 0.0117776 0.158314 0.0795793 0.0100933 0.0475865 0.0313866 0.00736198 0.00649905 0.0531695 0.0426915 0.232229 0.591341 
0.737905 0.0312624 0.00330828 0.000163545 0.00440164 1.4947e-05 0.00512712 0.00435225 0.00429167 0.00123643 0.000283775 0.00156561 0.010782 0.00097298 0.00672994 0.0120152 0.029277 0.106439 0.175514 0.111046 0.0379103 0.00559944 0.00508957 0.00232568 0.0119425 0.000849125 0.0145344 0.0161452 0.0513827 0.00403395 0.0376659 0.0436683 0.278286 0.854097 
0.551665 0.0232414 0.00228671 0.00134905 0.00272777 0.00345475 0.000366471 0.000250555 0.00468714 0.00372822 0.00614538 0.0101753 0.0154019 0.0110679 0.0234776 0.0638321 0.32483 0.0131933 0.0319639 0.00485405 0.00105818 0.00779292 9.89014e-05 0.0106427 0.0122409 0.0215514 0.00716632 0.0284693 0.017186 0.00893305 0.0037936 0.0725692 0.0533174 0.0127859 0.187711 0.02723 0.398261 0.642067 
0.75149 0.0301098 0.00374799 0.00279102 0.000590293 0.000213415 0.00171211 0.00318646 0.00193907 0.00133795 0.000292101 0.00283379 0.00825977 0.00683386 0.0150715 0.00314159 0.0260774 0.00109533 0.0741018 0.18802 0.137438 0.0194118 9.35727e-05 0.000444917 0.000135635 0.00306595 0.00123862 0.00187424 0.00222328 0.00350465 0.00295179 0.000242151 0.000654551 0.00663374 0.000661955 0.00924391 0.0100795 0.0223673 0.00187691 0.00714 0.0590249 0.0138551 0.138667 0.201994 0.840512 
0.745555 0.0257081 0.000283031 0.00181168 0.00204302 0.00173353 0.000794102 0.00246387 0.000377837 0.00231882 0.000555669 3.70017e-05 0.001571 0.0102089 0.00136466 0.0128164 0.0138026 0.0105092 0.0282301 0.0406927 0.0197205 0.0173568 0.149976 0.053154 0.110359 0.0367305 0.00572554 0.00469187 0.000264074 0.00667728 0.0045278 3.96809e-05 0.00122478 0.000790947 0.0140875 0.0066281 0.00180325 0.0138654 0.0219807 0.0637065 0.284276 0.0429317 0.846447 
1.22665 0.0293139 0.00166594 0.00305362 0.00640556 0.0034854 0.000727002 0.00393218 0.0109087 0.00293665 0.0145341 0.0257297 0.023727 0.114511 0.0251587 0.243594 0.0315511 0.00231674 0.00136854 0.000275698 0.00453562 0.00423388 0.0108795 0.00610788 0.00434688 0.00413236 0.0291798 0.0132264 0.0666618 0.330885 0.365355 
0.137059 0.0224668 0.00184275 0.00205225 0.00235804 0.00181057 7.53731e-05 0.00306475 0.00456451 0.00278065 0.00529593 0.00154144 0.00240729 0.0122846 0.0162619 0.00319325 0.0126484 0.0367356 0.111869 0.0226673 0.242581 0.0374314 0.000821557 0.000584305 0.00539592 0.00322303 0.00679901 0.00207292 0.00571096 0.0138952 0.0266426 0.0694776 0.189162 0.0387954 0.109979 1.45494 
1.15731 0.0413564 0.000716534 0.00536357 0.00539004 0.00996978 0.00269818 0.00160139 0.0105917 0.0234509 0.0105652 0.0895971 0.308171 0.0329072 0.005076 0.000418958 0.000410893 0.00647922 0.00313225 0.00642791 0.000211874 0.00254835 0.00459302 0.00571147 0.00594798 0.0262401 0.0175152 0.00886855 0.0771552 0.305734 0.43469 
0.903907 0.0316659 0.00438989 0.000732247 0.000371769 0.00338968 0.00484733 0.00609036 0.00450983 0.00461187 0.00849139 0.0191606 0.000987215 0.0159298 0.0423508 0.0905314 0.272174 0.045544 0.00205108 0.00111257 0.00833658 0.0097394 0.0102906 0.00933128 0.0299187 0.00225807 0.049739 0.013806 0.0119072 0.0309969 0.284674 0.688095 
0.641674 0.0372636 0.00442035 0.00329803 0.000366496 0.000313317 0.000704428 0.00197024 0.00841385 0.00622289 0.0157826 0.0423553 0.0319654 0.0289169 0.325111 0.00146891 0.036128 0.00205463 0.000567622 0.00661798 0.00325641 0.00401495 0.0114221 0.000189072 0.00510974 0.0106618 0.0124617 0.0343297 0.0376547 0.0339637 0.182821 0.0022881 0.118427 0.00712855 0.950328 
1.24361 0.0448417 0.00848468 0.00190363 0.00191249 0.00438125 0.00337469 0.00515663 0.00425344 0.0292558 0.0460088 0.0828254 0.0101211 0.0237524 0.117256 0.0250435 0.0539558 0.037101 0.00945906 0.0253938 0.00331316 0.00163001 0.00120877 0.00153727 0.000506382 0.00400937 0.00494231 0.00239793 0.0017602 0.00165129 0.00101028 0.00886679 0.0148913 0.00805702 0.00342947 0.00421046 0.023249 0.0435571 0.175434 0.177731 0.348389 
1.24435 0.104638 0.0668701 0.253817 0.0850653 0.05194 0.00574854 0.00288821 0.0161849 0.0141331 0.00187592 0.0109991 0.0138472 0.0685086 0.323902 0.347654 
0.144877 0.0426823 0.0104016 0.00604111 0.00507441 0.000913559 0.00584033 0.0112083 0.0158695 0.00967328 0.000895463 0.0326206 0.0291351 0.0591885 0.162318 0.107702 0.00929486 0.0341395 0.00414692 0.00340484 0.00367963 0.00365762 0.00432809 0.00941107 0.00893446 0.00377697 0.00212476 0.0043841 0.00173787 0.00083459 0.0416737 0.0868212 0.088096 0.171756 0.036207 1.44713 
0.634634 0.0452525 0.00121336 0.0047054 0.00892869 0.010993 0.021135 0.0206121 0.0117783 0.0818299 0.000382738 0.0900545 0.213111 0.0370492 0.00283741 0.00271611 0.00855044 0.00199358 0.00282672 0.00492945 0.000887359 0.000749007 0.00531913 0.0068706 0.00784798 0.0348647 0.0874338 0.0487862 0.171455 0.0848303 0.0671699 0.89019 
0.891076 0.0373999 0.000480116 0.00445412 0.00159632 0.00468734 0.00809451 0.00226737 0.00426401 0.00673224 0.0213926 0.0482441 0.0196705 0.065162 0.0561996 0.206055 0.0224274 0.0264296 4.59965e-05 0.00235547 0.00335005 0.00445197 0.00446054 0.00248814 0.00813917 0.00276274 0.0100055 0.0220489 0.0258052 0.00776161 0.0198127 0.0625118 0.19468 0.0222028 0.0903703 0.700926 
0.61234 0.0281926 0.00303872 0.000150695 0.00254083 0.00175093 0.000458805 0.00200325 0.00113627 0.00138284 0.00730269 0.0092796 0.0145405 0.0198677 0.0384323 0.0480188 0.136741 0.194811 0.0581594 0.0121848 0.0209212 0.00317412 0.00278412 0.0115061 0.0120766 0.0151628 0.00714525 0.0655781 0.300758 0.979662 
0.425403 0.0286226 0.000705365 0.000693793 0.0013063 0.000611548 0.00359281 0.00350413 0.00373438 0.000371317 0.00633267 0.00102059 0.0024498 0.0134515 0.0156085 0.000788685 0.017549 0.0360295 0.0398905 0.0672607 0.155276 0.049547 0.0589478 0.00188981 0.0372535 0.00530106 0.00356347 0.00815268 0.00123609 0.00993682 0.000377367 0.000423728 0.015069 0.0055627 0.0251475 0.00204556 0.0348 0.0127408 0.0270318 0.108578 0.0186837 0.135713 0.0345961 0.0225702 0.146477 1.01983 
0.56637 0.052166 0.0111473 0.00839744 0.0284687 0.0156843 0.00498253 0.0661029 0.00961452 2.3364e-05 0.000247016 0.18853 0.123795 0.0387196 0.000298142 0.00143639 0.00109183 0.00181777 0.0016956 0.00569166 0.0109787 0.00258391 0.00094659 0.0191965 0.0122407 0.0022091 0.0150656 0.0150893 0.0120638 0.0486903 0.0531179 0.266683 1.02563 
0.583727 0.0231722 0.00258382 0.00264215 0.00330341 0.00204734 0.00372032 0.000222958 0.00518879 0.00879712 0.0031784 0.0107069 0.0136399 0.0327085 0.0508409 0.00181633 0.129935 0.00294983 0.0191631 0.0347252 0.157715 0.0293723 0.000996985 0.00141724 0.000568166 0.000474693 0.00351597 0.00668083 0.00476026 0.00900576 0.00810154 0.0189626 0.00314733 0.0129932 0.0128432 0.0148386 0.0125106 0.0249418 0.119888 0.223783 1.00827 
0.872622 0.0302067 0.000647214 0.00142363 0.000230179 0.00160876 0.00217134 0.0040286 0.0085186 0.00648374 0.000499423 0.00456456 0.0071476 0.015868 0.029804 0.000906001 0.00842185 0.0970481 0.0372893 0.0114351 0.0214757 0.0627551 0.0392256 0.11672 0.0303805 0.00321425 0.000262103 0.000153553 0.000131403 9.75177e-05 0.0032276 0.000584233 0.00605825 0.00355501 0.00593426 0.0017376 0.00504254 0.0157932 0.00543775 0.0205615 0.0310212 0.0310043 0.0745158 0.137297 0.132761 0.388599 0.33049 
0.404267 0.0376575 0.00574773 0.00170492 0.000188625 0.00438108 0.00647166 0.00695908 0.0169968 0.0130705 0.0295605 0.0194705 0.127056 0.240731 0.0393463 0.00591412 0.000165958 0.0038934 0.00370538 0.00328743 0.0103728 0.00215733 0.0166892 0.00333745 0.0317484 0.0538965 0.0242511 0.298403 0.0111303 1.18774 
0.640535 0.0228627 0.000105155 0.000664295 0.00219796 0.00214117 0.0016172 0.00370056 0.00353044 0.00342838 0.000789744 0.000530559 0.0084428 0.00227959 0.00369441 0.00487956 0.0155861 0.0242841 0.0394083 0.00268267 0.0332626 0.194836 0.138376 0.0423977 0.00289996 0.00238851 0.00218721 0.00168279 0.0116416 0.00395955 0.0133045 0.0101001 0.012005 0.00757523 0.0161154 0.00347643 0.0124695 0.129596 0.0322724 0.206154 0.951468 
0.888392 0.0266932 0.002083 0.00028848 0.0010946 0.000540032 0.00266382 0.00217545 0.00219548 0.00128838 0.000137458 0.00708557 0.00211592 0.000985304 0.0016594 0.00560459 0.00275744 0.0018717 0.00137688 0.00307858 0.0195166 0.0353551 0.0789443 0.0302217 0.112122 0.0293281 0.0110952 0.126145 0.025516 0.000736159 5.36694e-05 0.00225353 0.00210832 0.00379013 0.00220186 0.00400934 0.00243674 0.00665776 0.00580183 0.000437919 0.00274468 0.00158571 0.0137716 0.0105401 0.0232594 0.0669727 0.0860979 0.145961 0.102398 0.70361 
0.637097 0.0361178 0.000552089 0.00465646 0.00221081 0.00722816 0.00262435 0.00401123 0.00695587 0.0132763 0.0139928 0.024503 0.0847292 0.177309 0.121775 0.00948446 0.0231808 0.000237225 5.07382e-06 0.00116576 0.00151077 0.00119591 0.00238995 0.00301998 0.00277537 0.0058238 0.00395343 0.00762893 0.000796206 0.00358589 0.00567555 0.00509661 0.0248781 0.0332046 0.0871109 0.000415893 0.188085 0.107597 0.954906 
1.14863 0.037278 0.00562171 0.00973679 0.00339632 0.00665222 0.000459362 0.0238108 0.0310633 0.00166871 0.0460053 0.109419 0.00160133 0.232156 0.0411746 0.000930716 0.00652806 0.00206675 0.00419562 0.00233924 0.000175921 0.0142547 0.000380733 0.0242236 0.0263177 0.00137768 0.0388106 0.0573662 0.288982 0.44337 
1.15995 0.023335 0.00122386 0.00432403 0.000805447 0.00318556 0.00157728 0.00573373 0.00159306 0.00213624 0.00191397 0.00781631 0.00462936 0.00184829 0.019419 0.0161153 0.0502539 0.15831 0.203333 0.00178319 0.0302945 0.00293297 0.00217698 0.00330871 0.0040471 0.00713259 0.0102813 0.0184432 0.000318707 0.0126935 0.0505389 0.00258592 0.0244068 0.0064737 0.0201435 0.0626679 0.251227 0.432055 
0.351271 0.029941 0.000326375 0.00288003 0.00486647 0.00722639 0.0021824 0.00668298 0.0105128 0.000374693 0.0223675 0.0462074 0.0213119 0.0183713 0.147589 0.189395 0.0317226 0.00374799 0.00370524 0.00140772 0.00659058 0.00927591 0.00889811 0.00542084 0.00226706 0.0136369 0.0509354 0.00302972 0.0276113 0.340897 1.24073 
0.568614 0.0275153 0.000202606 0.00020447 0.000841607 0.000339902 0.00155624 0.000317542 0.00296073 0.00375733 0.00652426 0.000777435 0.00814434 0.00273041 0.00230536 0.0109241 0.0008807 0.00501278 0.0203178 0.00697155 0.000898878 0.0337145 0.0685263 0.303852 0.025433 5.99821e-05 9.92815e-05 0.000718732 0.000599033 0.000164894 0.00331303 0.00113997 0.00282216 0.00357343 0.0068694 0.00671026 0.00880533 0.0108062 0.0163339 0.029838 0.0116341 0.122024 0.028665 0.00139874 0.063265 0.16476 0.681881 0.34149 
0.973992 0.0248716 0.000256118 0.00133345 0.00110591 0.00353038 0.00288624 0.00231336 0.00239042 0.000550014 0.00469049 0.0021464 0.00836569 0.000180246 0.00101018 0.00580925 0.00196681 0.00856228 0.00856445 0.0193671 0.051112 0.0938907 0.21621 0.0465377 0.0356214 0.00131165 0.00459992 0.000604787 0.00456312 0.00181342 0.0026686 0.00383578 0.00595799 0.00295049 0.000472913 0.0193309 0.00711415 0.025545 0.0201429 0.00443668 0.100993 0.0953462 0.0174483 0.0645212 0.0216501 0.0318409 0.0362552 0.61801 
1.30142 0.0317314 0.00302383 0.00279504 0.00474262 0.0050547 0.00669084 0.00295221 0.00127308 0.0186569 0.0224171 0.00835644 0.0111573 0.00312827 0.0393142 0.0844212 0.263982 0.0279049 0.000271487 0.00222335 0.000199386 0.000334133 0.00394964 0.00590616 0.00796974 0.000897395 0.010404 0.00760429 0.0179052 0.0254809 0.00775984 0.0212922 0.0825294 0.0653674 0.160684 0.0589989 0.290583 
0.0582136 0.0437109 0.00526275 0.00317302 0.00569 0.00238586 0.00668789 0.0163089 0.0234477 0.0230231 0.133737 0.150385 0.0265705 0.0684987 0.0741633 0.00528848 0.0173091 0.00570529 0.000797867 0.00863242 0.0283066 0.00218004 0.0710044 0.0345555 0.00115491 0.00257273 0.0731676 0.184572 0.473315 0.359548 0.700899 
0.723619 0.025221 0.00103301 0.00243755 0.00357873 0.00426205 0.00462331 0.00271396 0.00125186 0.00629074 0.000575259 0.00298136 0.00914528 0.00836902 0.00285705 0.0275898 0.0367474 0.0368787 0.0179494 0.210925 0.000944233 0.0571473 0.0457783 0.0309815 0.00164623 0.004697 0.000196685 0.00464454 0.000524281 0.00050583 0.00726998 0.00187953 0.000252504 0.00241725 0.00293242 0.00186723 0.0165518 0.0215137 0.0120492 0.026479 0.0349417 0.100921 0.0642251 0.173398 0.868383 
0.975829 0.0300547 0.00424519 0.000699048 0.00435816 0.00149953 0.00867248 0.0082476 0.0137574 0.00982273 0.00993576 0.00253444 0.0494278 0.0779585 0.162646 0.0339817 0.0840157 0.00780084 0.0314 0.0025966 0.000528443 8.02377e-05 0.00416054 0.00557737 0.00109457 0.00479583 0.00230576 0.0126386 0.0173857 0.000291421 0.00639583 0.0014894 0.0142725 0.000955374 0.00190412 0.0703779 0.0149306 0.315881 0.616174 
0.89542 0.0269185 0.00206086 0.000592543 0.00317638 0.00493286 0.00837832 0.000375491 0.00601542 0.0142705 0.00665066 0.00503423 0.00354671 0.00498582 0.0104531 0.0385417 0.0823663 0.134029 0.15676 0.0197615 0.00130407 0.000156468 0.00226004 0.000286712 0.000741455 0.0029341 0.00169777 0.0011725 0.00158097 0.00134597 0.00449128 0.00109954 0.00616208 0.00757995 0.0101236 0.010334 0.0189235 0.0107557 0.0271662 0.0187078 0.0118492 0.0616987 0.284928 0.00191698 0.696582 
0.466732 0.0250658 0.000674203 0.000495835 0.00311745 0.00150359 0.00357962 0.00493209 0.0020947 0.00302483 0.00271354 0.00821909 0.0103914 0.00189848 0.0176063 0.00274102 0.00103214 0.0256484 0.0345478 0.0375671 0.00295282 0.0222384 0.296152 0.043273 0.000900845 5.64572e-05 0.00253534 0.0025997 0.00196042 0.00875278 0.0172559 3.53925e-05 0.0065288 0.00992405 0.0334878 0.00506154 0.0219524 0.0141848 0.00473958 0.0219288 0.164281 0.0955324 0.0529602 0.417073 0.708179 
1.13317 0.0238622 0.000606889 0.00136118 0.00231483 0.00270778 0.00302104 0.0033397 0.00567403 0.00731263 0.000996918 0.00206071 0.0150823 0.000389977 0.018557 0.0112642 0.0259189 0.109822 0.274514 0.0249858 9.11783e-05 0.00198613 0.00287317 0.000744841 0.00426495 0.00283943 0.00584911 0.0012589 0.00258015 0.00460661 9.93549e-05 0.0021154 0.0107395 0.00466584 0.00503135 0.0275565 0.0593242 0.0544828 0.293248 0.458835 
0.841171 0.0584794 0.000356334 0.005228 0.0189518 0.00968005 0.058231 0.0705908 0.258297 0.0299581 0.0671587 0.0237848 0.0414468 0.0673428 0.31064 0.750832 
1.23135 0.0305844 0.000444806 0.000789237 0.00061909 0.004601 0.00477274 0.0019798 0.00916379 0.00132398 0.0109903 0.0021814 0.000931659 0.0172527 0.0191977 0.0368835 0.0278318 0.00381127 0.33573 0.0255744 0.00189176 0.00144995 0.00196123 0.00244275 0.00382907 0.00281868 0.00978368 0.00430364 0.0125573 0.0111046 0.0235127 0.00200694 0.062179 0.157466 0.00723666 0.0915423 0.0868945 0.360648 
1.2854 0.0417888 0.0096364 0.00925429 5.12199e-05 0.00111438 0.0104834 0.0275453 0.00885713 0.0108187 0.0165733 0.00347043 0.032002 0.0615244 0.0196293 0.215129 0.041241 0.0526501 0.00672436 0.00738471 0.00495053 6.31217e-05 0.00329423 0.00120476 0.00242121 0.0105739 0.0382596 0.0243302 0.0717035 0.131919 0.153398 0.306602 
0.494916 0.039358 0.00800958 0.00663432 0.0086208 0.00514249 0.00833893 0.0178869 0.0144981 0.0156868 0.0187731 0.0109703 0.0065683 0.180924 0.00474435 0.0792999 0.0836635 0.0256301 0.00201388 0.000939955 0.000826803 0.00329662 0.00470617 0.00214927 0.000411263 0.00116934 0.00674665 0.00342984 0.0132475 0.001692 0.00389797 0.0093326 0.00566341 0.00428013 0.0383943 0.0240691 0.15351 0.142229 0.0624881 1.09709 
0.341458 0.0395546 0.00614041 0.0037349 0.000525876 0.000437035 0.00580394 1.90663e-05 0.00535388 0.0138864 0.0262049 0.00151809 0.0214963 0.00718981 0.00885136 0.172037 0.180665 0.0162257 0.0324908 0.00242837 0.000368197 0.000948424 0.00169334 0.00214363 0.00745508 0.00192962 0.00497841 0.0129625 0.00336392 0.0279517 0.00867807 0.00460313 0.0134782 0.0638457 0.32032 1.25054 
0.59605 0.045432 0.00088374 0.000338814 0.00911858 0.00244028 0.00958955 0.0176924 0.0145565 0.0662453 0.0156863 0.0655585 0.0201114 0.0374025 0.0215687 0.183614 0.0227904 0.00120361 0.000383369 0.000316331 0.00134605 0.000933156 0.00083225 0.00391578 0.00478768 0.000321401 0.000699771 0.000388368 0.00244281 0.00445676 0.00733923 0.00213274 0.000145301 0.0161906 0.0067555 0.00171265 0.0229706 0.0503491 0.000416738 0.0225092 0.0526513 0.28131 0.995952 
0.172602 0.0321012 0.00178511 0.00343227 0.00568457 0.00695758 0.00601488 0.0131147 0.00339637 0.021689 0.00695513 0.00899557 0.0425534 0.0146976 0.0113715 0.0117579 0.00895114 0.309353 0.031948 0.00398627 0.00171707 0.00541051 0.00390187 0.00747182 0.00217738 0.0143759 0.00738703 0.0175572 0.00131426 0.00492688 0.0438406 0.191246 0.0241779 0.0839094 0.0634708 1.4194 
0.980966 0.0341974 0.0042184 0.00608652 0.00363879 0.00300973 0.0102191 0.00686449 0.0035793 0.0125919 0.00819692 0.00751404 0.0359004 0.13311 0.0151414 0.224574 0.0313517 0.004029 0.000180892 0.00481135 0.0105139 0.00287621 0.00661256 0.0174556 0.00416413 0.0193685 0.00528696 0.0266871 0.0213222 0.0120636 0.10509 0.172092 0.0652094 0.611037 
1.17545 0.0208377 0.00141865 0.00178128 0.00261197 0.00095386 0.00357094 0.00369941 0.00130784 1.6886e-05 0.00216112 0.000766747 0.00726649 0.00494587 0.00922082 0.00512562 0.0162326 0.0126662 0.00348674 0.00960107 0.00353086 0.0142362 0.0099103 0.0429747 0.00539867 0.325276 0.0722894 0.00929951 0.0320141 0.0266167 0.0019469 0.0238757 0.0113613 0.332933 0.416553 
1.10081 0.0277461 0.002359 0.00424925 0.00084598 0.00511091 0.00230246 0.00483936 0.00163733 0.00923362 0.000467022 0.016406 0.00955981 0.00210809 0.0125319 0.0264086 0.0209583 0.0181952 0.043137 0.00422165 0.0559726 0.240733 0.0235402 0.000867211 0.0022406 0.00135622 0.00326143 0.00240519 0.00435492 0.00067819 0.00548269 0.00953421 0.0107057 0.00945669 0.00637776 0.00166772 0.0253196 0.0116619 0.0102439 0.0723691 0.0210723 0.285937 0.491191 
0.275294 0.0515343 0.0113006 0.000367294 0.00642402 0.0182167 0.00491269 0.0500662 0.12049 0.246738 0.0398168 0.00356475 0.00886587 0.00227022 0.000221565 0.00529352 0.0174423 0.00334175 0.0277858 0.0186165 0.0505102 0.321205 0.011336 1.31671 
0.650821 0.0249711 0.0015252 0.000764883 0.00302145 0.000179399 0.00153552 0.00119497 0.00449202 0.00841294 0.000503183 0.0112554 0.00494488 0.0100938 0.00114076 0.0173693 0.016025 0.00875175 0.00120859 0.0789755 0.468459 0.0232241 0.0364601 0.00118796 0.000658427 0.00244646 0.00294281 0.00697743 0.0023434 0.00738019 0.0143002 0.00157878 0.00634322 0.00264648 0.00271501 0.0022913 0.0285375 0.0234908 0.0189705 0.0619097 0.396743 0.151997 0.0132415 0.941181 
0.648952 0.0498566 0.000178246 0.00150219 0.0103966 0.0164532 0.00880961 0.0151264 0.0107797 0.00661465 0.0533797 0.330089 0.00626024 0.0381361 0.0036794 0.00482751 0.00941995 0.0011964 0.00187924 0.000619664 0.00829166 0.00353532 0.0188147 0.0234943 0.018135 0.00163109 0.00256935 0.0356454 0.298819 0.0395342 0.94305 
0.573519 0.0380164 0.000644535 0.00407544 0.00132568 0.00246594 0.0018531 0.00211218 0.000408428 0.0103427 0.000279425 0.000775608 0.000452286 0.00534694 0.00585904 0.00264922 0.0257423 0.0674696 0.243905 0.0959112 0.0210989 0.00141667 0.000115072 0.00236662 3.1015e-06 0.00178396 0.000315506 0.00294759 0.00226399 0.00301629 0.00318549 0.00486182 0.00078173 0.00567934 0.00649236 0.00170699 0.0113517 0.0269616 0.0344664 0.0165038 0.0122793 0.015814 0.172287 0.0393716 0.0882068 0.0331091 0.721314 0.29716 
1.29513 0.0308995 0.00273626 0.00230139 0.00110541 0.00170421 0.00465543 0.00563593 0.0074789 0.00364394 0.000419616 0.000991384 0.0128023 0.00577169 0.0330076 0.062804 0.109971 0.224015 0.0501882 0.000143375 0.00914704 0.00441947 0.0151965 0.0364435 0.0063318 0.0714527 0.307649 0.00736941 0.00113473 0.29687 
1.14007 0.0494532 0.0104193 0.0144844 0.00515886 0.003942 0.00134483 0.00921836 0.00913221 0.047722 0.216946 0.141656 0.0319224 0.00071645 0.00374943 0.00328023 0.000808751 0.00309667 0.00796297 0.00243792 0.0120149 0.00169564 0.00257332 0.0144779 0.0251377 0.0533147 0.00662779 0.339879 0.451936 
1.08752 0.0298124 0.00356753 0.0002418 0.00574258 0.00646113 0.00376898 0.0090084 0.0093995 0.00232754 0.0090607 0.0287157 0.00233479 0.0100632 0.0212008 0.0149536 0.0869611 0.0589179 0.0693562 0.100361 0.0133099 0.023756 0.0242694 0.000536397 0.00126204 0.00260297 0.00340851 0.00304073 0.00461284 0.00456829 0.00734963 0.00915476 0.0134514 0.0255337 0.00307406 0.00823811 0.0215273 0.0360784 0.00244182 0.166469 0.170063 0.504484 
0.448837 0.0560734 0.00963007 0.00912238 0.00368234 0.0220693 0.0208866 0.0874945 0.19927 0.101543 0.0481662 0.000829295 0.0120144 8.77366e-06 0.0127655 0.00134349 0.00313576 0.0156688 0.0274818 0.0598358 0.249978 0.0425652 0.0258643 0.0103427 1.14317 
0.381781 0.0357629 0.00422236 0.00469708 0.00208786 0.00380331 0.00457286 0.00926439 0.00258058 0.00987754 0.000197233 0.0288416 0.0130321 0.00444531 0.0659898 0.320586 0.0421244 0.0069118 0.00664706 0.0113555 0.0126362 0.0237597 0.00432322 0.010219 0.0331818 0.0469204 0.00880502 0.0556214 0.0556816 0.13312 0.0586498 1.21022 
0.94678 0.0257947 0.00215792 0.00330327 0.00377054 0.00261953 0.00686222 0.00857873 0.00926354 0.00735392 0.00949655 0.020049 0.0110381 0.0683736 0.0606705 0.270386 0.037569 0.00676494 0.000692194 0.00735583 0.00900941 0.0174142 0.0010642 0.00451288 0.0184501 0.0253888 0.0934366 0.288911 0.311167 0.334046 
0.701565 0.0233911 0.00256747 0.00148061 0.000915338 0.000760844 0.00274628 0.00364082 0.00281033 0.000975834 0.000524482 0.00196508 0.00841104 0.000472216 0.0047915 0.0132389 0.0129788 0.00360057 0.0321936 0.0128701 0.0520139 0.326901 0.0375436 0.00087969 0.0050914 0.00270464 0.0033046 0.00196302 0.00312484 0.0140118 0.000728956 0.016372 0.0216729 0.00723008 0.0503317 0.0216869 0.0373845 0.149258 0.0567389 0.0801754 0.890437 
0.420163 0.0285076 0.00222122 0.000410218 0.00159623 0.00213969 0.00146234 0.00470641 0.0081777 0.0122057 0.00247752 0.0124995 0.0316817 0.0528852 0.248755 0.0736136 0.0266174 0.027692 0.00294073 0.00377743 0.00481854 0.0015996 0.00303968 0.000255371 0.000501269 0.00149358 0.000657249 0.0016136 0.00282168 0.00423739 0.000741888 0.0098234 0.0150797 0.0326932 0.020026 0.0283346 0.0217953 0.0128256 0.0306917 0.125187 0.0201511 0.135928 1.17184 
0.643825 0.039605 0.00238407 0.00620728 0.000257592 0.00866898 0.00118049 0.000628182 0.0163361 0.0194921 0.0230032 0.0548435 0.33795 0.034222 0.00128397 0.000180885 0.00518753 0.00303241 0.00453017 0.00107842 0.00203314 0.0104527 0.00482742 0.0189543 0.0353951 0.072931 0.316413 0.948177 
0.00760697 0.0250728 0.0036616 0.000660764 0.00196081 0.00189907 0.000787361 0.00526214 0.00178497 0.00315258 0.000397002 0.00144709 7.63475e-05 0.00505592 0.00934837 0.0042967 0.0224759 0.00787244 0.0448549 0.0252776 0.0311724 0.0353368 0.0825303 0.0634416 0.131165 0.0258613 0.00907376 0.00013464 0.000257007 0.00285798 0.00200355 0.00588402 0.00236407 0.0101858 0.00275995 0.00237268 0.00354248 0.0211533 0.000177649 0.0453508 0.0593942 0.0853782 0.074348 0.0625964 0.0936638 0.608239 0.976148 
1.32567 0.0255622 0.00244246 0.00176215 0.0010132 0.00373989 0.00118245 0.0024207 0.000201593 0.00570856 0.000150044 0.00182476 0.000530213 0.00888137 0.00189781 0.00723946 0.00135487 0.00500286 0.00302743 0.00255518 0.00226714 0.000839693 0.00484463 0.0108707 0.0232549 0.00607862 0.0665362 0.200413 0.11678 0.0402617 0.00389262 0.00693932 0.000160614 0.00573081 0.000166877 0.0145191 0.00493248 0.00200041 0.0173975 0.0164023 0.0119076 0.0485559 0.336825 0.266335 
0.296962 0.0277698 0.00105548 0.00116883 0.0030126 0.00372444 0.00121442 0.00526661 0.00757629 0.00427063 0.0136506 0.0173235 0.0409854 0.0828872 0.300641 0.0241046 0.00218259 0.00140628 0.00297446 0.00116129 0.000270877 0.000113506 0.00734383 0.00141445 0.00491035 0.00871363 0.00818178 0.00402383 9.68508e-05 0.0170636 0.00747343 0.0454134 0.125206 0.246178 1.25555 0.0394711 
0.959139 0.0401194 0.000417709 0.00825287 0.00204603 0.00192739 0.00375543 0.00644429 0.00281553 0.00877762 0.0117388 0.0434288 0.0104771 0.110036 0.259187 0.0286185 0.00226018 0.00327058 8.51318e-05 0.00338727 0.00609933 0.000267065 0.00373645 0.00513647 0.0100479 0.0143931 0.00125387 0.024408 0.00115785 0.063496 0.0167763 0.0464005 0.27911 0.632864 
0.788966 0.0287795 0.000322784 0.000681748 0.00396911 0.00249714 0.00393084 0.00349836 0.0026165 0.00010694 0.00352516 0.00139432 0.00386103 0.00623173 0.00158917 0.00290536 0.000765417 0.00256248 0.0121202 0.008789 0.0106109 0.0151545 0.0530918 0.340846 0.0254781 0.000765413 0.00229778 0.00187327 0.00182551 0.00524084 0.00112285 0.00206757 0.00568836 0.000933475 0.000842824 0.00749496 0.0127189 0.0247575 0.00924253 0.0463219 0.0194574 0.0839664 0.25726 0.0228145 0.397121 0.383078 
0.431038 0.0310688 0.0039078 0.00380002 0.00527166 0.00956931 0.00701985 0.011809 0.00282883 0.0144388 0.0417642 0.0659869 0.0133986 0.0241625 0.230389 0.0440036 0.0243436 0.0020408 0.000170574 0.000326939 0.000636414 0.00281878 0.00366496 0.00410674 0.00422469 0.0047463 0.01189 0.000368374 0.0149243 0.0266348 0.0246273 0.0528644 0.021986 0.0339231 0.0101206 0.0505969 0.00225495 0.00375556 0.164454 0.042699 1.16096 
1.20212 0.0295981 4.8385e-05 0.00324674 0.0042928 0.000340187 0.000534737 0.00198582 0.00651289 5.15482e-05 0.00726001 0.00216257 0.0149186 0.0192474 0.00291862 0.0298222 0.100512 0.286494 0.0959378 0.000397008 0.00357698 0.0346495 0.00325727 1.18941e-05 0.0131322 0.0229198 0.02599 0.308059 0.00208279 0.389886 
0.856836 0.0380702 0.00337183 0.00261377 0.00904164 0.00585322 0.00122004 0.0113532 0.018578 0.0252168 0.0383418 0.00440566 0.0668147 0.0301229 0.147499 0.107471 0.0584798 0.0118384 0.0198024 0.0387269 0.0506282 0.0330973 0.197644 0.0241228 0.0637432 0.00948195 0.00190342 0.735167 
0.651886 0.0260318 0.00159301 0.00405774 1.49154e-05 0.00095359 0.00383808 0.0019244 0.00317514 0.00527677 0.00415687 0.000265435 0.0126148 0.000967823 0.00550497 0.0187898 0.00307596 0.00160786 0.00608165 0.00935178 0.0182585 0.0371393 0.344357 0.0343931 0.00231723 0.00032033 0.00399955 0.000395661 0.00617331 0.000866484 0.00154043 0.00474435 0.00741928 0.000593148 0.00187958 0.000628406 0.00197496 0.00537739 0.00744533 0.0444659 0.000852247 0.0542387 0.329453 0.940117 
0.421938 0.0353525 0.00344373 0.00198378 0.000387798 0.00386036 0.000486742 0.00654794 0.0107746 0.004479 0.0182321 0.0222452 0.0196444 0.00452555 0.0884865 0.0997301 0.188939 0.0476763 0.00437244 0.00150543 0.0117711 0.000585481 0.0178782 0.0387174 0.00052006 0.043827 0.124711 0.21818 1.17006 
0.739457 0.0586693 0.00786101 0.0067604 0.0166392 0.0107775 0.026995 0.037965 0.00932151 0.0185742 0.316179 0.0374412 0.0036097 0.00189549 0.00169081 0.00452793 2.25604e-05 0.00353422 0.00264683 0.0010642 0.011467 0.0225371 0.0110983 0.0591889 0.106897 0.00481722 0.118136 0.118389 0.000398033 0.852545 
0.462088 0.0278422 0.00282159 0.00239517 0.00284539 0.00127971 0.000855092 0.00198991 0.00677504 0.00159239 0.00258872 0.0128338 0.00207669 0.010939 0.0201466 0.00428793 0.0311431 0.0111017 0.00784408 0.160998 0.196154 0.0312051 0.000553937 0.00263931 0.00304364 0.00150754 0.00245672 0.00466519 0.0107644 0.00853934 0.0104403 0.0350939 0.090017 0.308511 1.12991 
0.960564 0.0409142 0.00542818 0.0007477 0.0103781 0.0106321 0.0150334 0.00850985 0.0395115 0.120763 0.102447 0.0102897 0.145078 0.0479598 0.00915759 0.0065704 0.0204439 0.0127686 0.0190365 0.0894769 0.0551949 0.0763673 0.0976454 0.0517903 0.0235977 0.631438 
0.531893 0.0354842 0.000429169 0.000214379 0.00464154 0.00137513 0.00203248 0.00474396 0.0017342 0.0128267 0.000543664 0.00236799 0.00515152 0.00222943 0.0307137 0.0169537 0.0101166 0.0933161 0.284761 0.0186918 0.00126528 0.000820903 0.00192188 0.00135307 0.000403445 0.00254678 0.00258048 0.000741666 0.00288361 0.00223859 0.00279117 0.00319233 0.00156108 0.000479826 0.0063813 0.00382651 0.00684331 0.0109875 0.035504 0.0355722 0.0717652 0.0124935 0.0086753 0.0260446 0.0979637 0.149147 0.482131 0.577961 
1.06327 0.0344423 0.00403062 0.000445362 0.00474193 0.000710285 0.00977243 0.00502628 0.004441 0.0112771 0.0256039 0.0347798 0.0128592 0.163356 0.0338984 0.164303 0.035206 0.00232589 0.00522846 0.00659812 0.0136922 0.0128127 0.0209927 0.0161081 0.0728107 0.0127727 0.0044429 0.011419 0.280409 0.0154291 0.528736 
0.281553 0.0321221 0.000669251 0.00149897 0.00533996 0.00733278 0.00594165 0.00667628 0.0138049 0.00293094 0.0247682 0.00543935 0.0398123 0.0617309 0.301625 0.0260591 0.00225109 0.00099716 0.00418837 0.00270432 0.00540041 0.00109836 0.000909032 0.00194911 0.0106851 0.000240178 0.00358586 0.00281671 0.0139862 0.0267589 0.00534653 0.00343177 0.0129247 0.083747 0.242247 0.0579944 1.31045 
0.622613 0.0362691 0.00431135 0.000322329 0.000191303 0.00674828 0.0039366 0.00304236 0.01001 0.0013176 0.0106916 0.0226423 0.0533807 0.109332 0.0376296 0.209611 0.0368573 0.000710182 0.00531545 0.0029391 0.00383117 0.00880002 0.000664307 0.00265432 0.00312151 0.00309131 0.0074816 0.000570582 0.0293794 0.0879077 0.0244055 0.00432721 0.287609 0.916476 0.0526222 
0.799706 0.0481195 0.00440675 0.0100924 0.000285625 0.0291833 0.0169762 0.000356703 0.00484635 0.0351395 0.122968 0.237346 0.0432035 0.00766811 0.0123694 0.00664279 0.000110532 0.000237092 0.00126966 0.018655 0.0108156 0.00153297 0.0301792 0.0276526 0.0171481 0.332491 0.792296 
1.0807 0.104923 0.00523163 0.0392204 0.185315 0.175964 0.0296532 0.00210868 0.00446028 0.00178126 0.00420379 0.00128708 0.00169759 0.000462357 0.00967647 0.0023595 0.0157883 0.00117795 0.00265512 0.00715341 0.00596612 0.0430502 0.0531544 0.0135223 0.022013 0.0864147 0.201034 0.511305 
1.15104 0.0283797 0.0031243 0.00096758 0.00326269 0.00264219 0.00292725 0.00663471 0.00367481 0.00886158 0.019104 0.0373988 0.00466824 0.0789855 0.0230401 0.00634146 0.0663382 0.00408468 0.173901 0.0347121 0.0573528 0.0051522 0.00775531 0.000602115 0.00649456 0.0148072 0.0156498 0.0267442 0.0400977 0.335649 0.440959 
0.360606 0.0374058 0.000891841 0.00127815 0.00229099 0.00595694 0.00321715 0.0127503 0.00567502 0.0101213 0.00209489 0.0172549 0.00982852 0.046969 0.00975718 0.245562 0.0357026 0.0539514 0.000965605 0.00714111 0.030394 0.00287395 0.0033605 0.0050148 0.00356915 0.011731 0.00957977 0.00031025 0.004154 0.0196847 0.0326935 0.0238506 0.00723524 0.0220623 0.0343517 0.123547 0.174429 1.2314 
0.487371 0.0204782 0.00104235 0.00151832 0.00066757 0.00229814 0.00297246 0.0029451 0.00267634 0.00191663 0.00329459 0.00709506 0.00467483 0.0110477 0.00293927 0.00295219 0.0142828 0.00788607 0.0108685 0.00643809 0.0142908 0.0168784 0.0040945 0.00863281 0.0981161 0.0685121 0.190186 0.044197 0.00179609 0.0019795 0.00299405 0.00883505 0.00674245 0.00528649 0.00593085 0.0274046 0.0335941 0.00413933 0.135451 0.0193431 0.00563857 0.206646 1.10463 
