0 0
0.050 0.000
0.100 0.000
0.150 0.000
0.200 0.096
0.250 1.280
0.300 3.129
0.350 5.481
0.400 8.410
0.450 11.716
0.500 15.382
0.550 19.140
0.600 22.811
0.650 27.229
0.700 31.579
0.750 36.170
0.800 41.042
0.850 45.044
0.900 50.305
0.950 54.567
1.000 60.093
1.050 63.880
1.100 69.984
1.150 74.362
1.200 79.850
1.250 84.241
1.300 90.799
1.350 95.524
1.400 101.070
1.450 106.271
1.500 110.993
1.550 115.726
1.600 121.575
1.650 127.453
1.700 131.640
1.750 137.321
1.800 142.334
1.850 147.291
1.900 154.467
1.950 157.417
2.000 164.370
2.050 169.520
2.100 176.077
2.150 180.220
2.200 186.067
2.250 191.307
2.300 197.416
2.350 202.710
2.400 205.621
2.450 213.005
2.500 216.665
2.550 223.880
2.600 230.785
2.650 234.646
2.700 239.087
2.750 246.332
2.800 251.761
2.850 255.796
2.900 261.551
2.950 268.938
3.000 270.885
3.050 278.396
3.100 282.368
3.150 290.761
3.200 295.735
3.250 298.695
3.300 304.526
3.350 310.742
3.400 316.823
3.450 322.360
3.500 328.207
3.550 333.511
3.600 337.858
3.650 343.916
3.700 349.161
3.750 353.182
3.800 359.944
3.850 365.767
3.900 371.500
3.950 376.502
4.000 385.764
4.050 387.302
4.100 392.080
4.150 397.313
4.200 403.814
4.250 408.557
4.300 415.100
4.350 418.627
4.400 427.125
4.450 428.220
4.500 434.392
4.550 443.358
4.600 447.319
4.650 450.723
4.700 457.735
4.750 463.738
4.800 469.538
4.850 475.629
4.900 479.179
4.950 486.832
5.000 490.421
5.050 495.975
5.100 500.601
5.150 509.010
5.200 510.222
5.250 518.119
5.300 523.267
5.350 527.796
5.400 534.276
5.450 537.479
5.500 543.290
5.550 552.260
5.600 555.860
5.650 562.348
5.700 567.020
5.750 573.659
5.800 578.631
5.850 581.657
5.900 591.087
5.950 591.817
6.000 597.484
6.050 603.302
6.100 610.176
6.150 618.275
6.200 622.823
6.250 622.374
6.300 629.473
6.350 639.251
6.400 645.220
6.450 649.141
6.500 655.186
6.550 658.948
6.600 665.018
6.650 674.021
6.700 674.029
6.750 679.553
6.800 686.524
6.850 690.738
6.900 695.860
6.950 700.497
7.000 707.098
7.050 716.815
7.100 720.167
7.150 723.201
7.200 732.836
7.250 735.867
7.300 739.143
7.350 743.205
7.400 752.848
7.450 756.220
7.500 759.695
7.550 771.046
7.600 772.313
7.650 775.924
7.700 786.552
7.750 791.995
7.800 793.815
7.850 798.352
7.900 802.864
7.950 810.577
8.000 816.063
8.050 820.709
8.100 826.343
8.150 831.377
8.200 833.558
8.250 841.926
8.300 847.190
8.350 848.693
8.400 860.741
8.450 862.369
8.500 864.486
8.550 869.756
8.600 877.287
8.650 884.662
8.700 892.413
8.750 898.513
8.800 902.963
8.850 903.351
8.900 911.992
8.950 914.929
9.000 922.926
9.050 926.738
9.100 931.832
9.150 941.676
9.200 945.578
9.250 953.851
9.300 956.204
9.350 960.769
9.400 966.957
9.450 973.580
9.500 978.540
9.550 979.100
9.600 986.944
9.650 990.857
9.700 998.656
9.750 1003.574
9.800 1006.798
9.850 1014.162
9.900 1020.443
9.950 1029.895
10.000 1031.282
10.050 1038.352
10.100 1041.034
10.150 1046.275
10.200 1051.438
10.250 1056.841
10.300 1061.287
10.350 1066.956
10.400 1073.238
10.450 1080.547
10.500 1083.704
10.550 1089.202
10.600 1098.592
10.650 1099.367
10.700 1104.346
10.750 1110.364
10.800 1120.030
10.850 1121.669
10.900 1125.270
10.950 1130.295
11.000 1137.538
11.050 1138.615
11.100 1148.849
11.150 1156.126
11.200 1161.539
11.250 1161.407
11.300 1167.003
11.350 1179.066
11.400 1180.738
11.450 1189.366
11.500 1191.469
11.550 1194.690
11.600 1197.267
11.650 1210.540
11.700 1215.375
11.750 1214.657
11.800 1220.675
11.850 1228.954
11.900 1230.477
11.950 1243.943
12.000 1243.028
12.050 1253.244
12.100 1257.453
12.150 1257.498
12.200 1265.849
12.250 1278.619
12.300 1278.822
12.350 1281.636
12.400 1293.218
12.450 1294.065
12.500 1294.552
12.550 1308.720
12.600 1311.300
12.650 1312.285
12.700 1322.897
12.750 1319.916
12.800 1324.122
12.850 1338.511
12.900 1343.568
12.950 1349.709
13.000 1349.584
13.050 1351.346
13.100 1363.158
13.150 1366.923
13.200 1370.517
13.250 1376.936
13.300 1382.303
13.350 1389.325
13.400 1393.914
13.450 1397.723
13.500 1400.834
13.550 1412.121
13.600 1410.786
13.650 1423.288
13.700 1430.832
13.750 1434.846
13.800 1437.188
13.850 1439.150
13.900 1442.849
13.950 1450.436
14.000 1455.649
14.050 1467.300
14.100 1467.806
14.150 1473.165
14.200 1481.295
14.250 1479.874
14.300 1491.591
14.350 1495.971
14.400 1498.100
14.450 1505.998
14.500 1511.239
14.550 1523.025
14.650 1528.225
14.700 1537.177
14.750 1541.466
14.800 1538.115
14.850 1545.470
14.900 1557.532
14.950 1564.150
15.000 1565.623
15.050 1566.134
15.100 1578.891
15.150 1586.293
15.200 1585.884
15.250 1589.180
15.300 1595.508
15.350 1596.005
15.400 1609.537
15.450 1615.109
15.500 1619.067
15.550 1622.856
15.600 1623.848
15.650 1639.069
15.700 1640.755
15.750 1643.221
15.800 1643.866
15.850 1657.313
15.900 1661.850
15.950 1665.427
16.000 1670.362
