0.000 0.000
0.001 0.000
0.002 0.000
0.003 0.000
0.004 0.000
0.005 0.000
0.006 0.000
0.007 0.000
0.008 0.000
0.009 0.000
0.010 0.000
0.011 0.000
0.012 0.000
0.013 0.000
0.014 0.000
0.015 0.000
0.016 0.000
0.017 0.000
0.018 0.000
0.019 0.000
0.020 0.000
0.021 0.000
0.022 0.000
0.023 0.000
0.024 0.000
0.025 0.000
0.026 0.000
0.027 0.000
0.028 0.000
0.029 0.000
0.030 0.000
0.031 0.000
0.032 0.000
0.033 0.000
0.034 0.000
0.035 0.000
0.036 0.000
0.037 0.000
0.038 0.000
0.039 0.000
0.040 0.000
0.041 0.000
0.042 0.000
0.043 0.000
0.044 0.000
0.045 0.000
0.046 0.000
0.047 0.000
0.048 0.000
0.049 0.000
0.050 0.000
0.060 0.000
0.070 0.000
0.080 0.000
0.090 0.000
0.100 0.000
0.110 0.000
0.120 0.000
0.130 0.000
0.140 0.000
0.150 0.000
0.160 0.000
0.170 0.000
0.180 0.000
0.190 0.000
0.200 0.091
0.210 0.266
0.220 0.462
0.230 0.648
0.240 0.966
0.250 1.202
0.260 1.503
0.270 1.725
0.280 2.103
0.290 2.572
0.300 2.910
0.310 3.250
0.320 3.940
0.330 4.139
0.340 4.560
0.350 5.177
0.360 5.668
0.370 6.139
0.380 6.817
0.390 7.428
0.400 7.834
0.410 8.579
0.420 9.064
0.430 9.758
0.440 10.335
0.450 11.132
0.460 11.690
0.470 12.255
0.480 13.001
0.490 13.645
0.500 14.373
0.510 15.084
0.520 15.681
0.530 16.579
0.540 17.142
0.550 18.094
0.560 18.658
0.570 19.160
0.580 20.015
0.590 20.761
0.600 21.574
0.610 22.534
0.620 23.416
0.630 24.021
0.640 24.572
0.650 25.833
0.660 26.391
0.670 27.333
0.680 28.265
0.690 28.892
0.700 29.590
0.710 30.634
0.720 31.282
0.730 32.235
0.740 32.877
0.750 33.836
0.760 34.759
0.770 35.919
0.780 36.554
0.790 37.136
0.800 37.776
0.810 38.792
0.820 40.225
0.830 41.234
0.840 41.787
0.850 43.307
0.860 43.601
0.870 44.602
0.880 46.051
0.890 46.639
0.900 47.100
0.910 48.233
0.920 49.374
0.930 50.536
0.940 50.556
0.950 51.772
0.960 52.550
0.970 53.457
0.980 54.215
0.990 55.880
1.000 56.226
1.010 57.334
1.020 58.753
1.030 59.437
1.040 60.840
1.050 60.786
1.060 62.107
1.070 63.414
1.080 64.017
1.090 64.838
1.100 65.769
1.110 67.019
1.120 67.946
1.130 69.493
1.140 69.452
1.150 70.250
1.160 71.785
1.170 72.850
1.180 73.189
1.190 74.457
1.200 75.172
1.210 77.381
1.220 77.038
1.230 77.752
1.240 79.014
1.250 81.760
1.260 81.675
1.270 83.802
1.280 83.143
1.290 84.758
1.300 85.019
1.310 85.849
1.320 87.310
1.330 88.216
1.340 89.156
1.350 91.055
1.360 91.165
1.370 92.775
1.380 93.317
1.390 94.270
1.400 95.604
1.410 97.065
1.420 97.435
1.430 97.145
1.440 98.388
1.450 101.382
1.460 101.964
1.470 102.198
1.480 103.915
1.490 104.720
1.500 106.110
1.510 106.201
1.520 107.217
1.530 107.966
1.540 109.766
1.550 110.345
1.560 110.773
1.570 112.968
1.580 114.272
1.590 114.788
1.600 116.737
1.610 116.600
1.620 118.094
1.630 118.917
1.640 119.627
1.650 119.482
1.660 121.596
1.670 122.789
1.680 123.318
1.690 125.413
1.700 124.906
1.710 128.581
1.720 128.061
1.730 129.208
1.740 129.471
1.750 131.505
1.760 131.729
1.770 133.385
1.780 132.692
1.790 133.903
1.800 136.618
1.810 138.167
1.820 138.922
1.830 139.055
1.840 139.670
1.850 139.671
1.860 142.352
1.870 141.608
1.880 143.710
1.890 145.536
1.900 145.529
1.910 146.341
1.920 147.729
1.930 148.969
1.940 151.053
1.950 151.462
1.960 152.504
1.970 153.427
1.980 153.582
1.990 156.105
2.000 155.515
2.010 157.130
2.020 159.309
2.030 158.748
2.040 160.057
2.050 161.877
2.060 162.119
2.070 162.516
2.080 165.152
2.090 165.271
2.100 168.605
2.110 166.821
2.120 168.640
2.130 169.630
2.140 173.235
2.150 172.930
2.160 173.825
2.170 173.875
2.180 174.251
2.190 177.493
2.200 176.085
2.210 179.367
2.220 177.508
2.230 179.294
2.240 181.804
2.250 181.518
2.260 183.533
2.270 183.310
2.280 185.417
2.290 185.942
2.300 186.022
2.310 188.440
2.320 190.381
2.330 190.219
2.340 192.007
2.350 191.706
2.360 193.885
2.370 195.380
2.380 195.845
2.390 196.374
2.400 197.594
2.410 198.272
2.420 199.551
2.430 200.575
2.440 202.055
2.450 203.415
2.460 204.306
2.470 204.329
2.480 207.640
2.490 205.783
2.500 207.706
2.510 207.912
2.520 210.030
2.530 211.264
2.540 211.896
2.550 214.124
2.560 215.273
2.570 215.604
2.580 215.177
2.590 218.156
2.600 218.393
2.610 220.172
2.620 218.994
2.630 221.205
2.640 222.273
2.650 224.182
2.660 224.941
2.670 226.801
2.680 224.466
2.690 228.818
2.700 229.143
2.710 229.770
2.720 231.140
2.730 231.574
2.740 232.448
2.750 233.352
2.760 236.225
2.770 237.091
2.780 239.291
2.790 237.120
2.800 237.639
2.810 241.309
2.820 241.602
2.830 243.846
2.840 244.332
2.850 243.521
2.860 246.507
2.870 245.969
2.880 248.564
2.890 247.359
2.900 248.056
2.910 249.989
2.920 253.458
2.930 252.892
2.940 253.202
2.950 254.270
2.960 255.882
2.970 256.056
2.980 257.950
2.990 257.607
3.000 260.508
3.010 258.994
3.020 261.869
3.030 263.648
3.040 263.604
3.050 262.921
3.060 267.073
3.070 267.483
3.080 268.261
3.090 268.180
3.100 269.212
3.110 270.762
3.120 272.669
3.130 272.606
3.140 272.296
3.150 276.022
3.160 276.323
3.170 278.437
3.180 278.227
3.190 280.791
3.200 279.518
3.210 283.374
3.220 282.012
3.230 282.865
3.240 286.065
3.250 285.459
3.260 287.939
3.270 286.363
3.280 288.112
3.290 290.937
3.300 290.496
3.310 292.666
3.320 293.435
3.330 294.735
3.340 296.094
3.350 295.966
3.360 298.337
3.370 298.823
3.380 300.556
3.390 302.629
3.400 301.930
3.410 305.656
3.420 300.304
3.430 303.791
3.440 307.762
3.450 305.969
3.460 305.983
3.470 308.086
3.480 312.097
3.490 313.090
3.500 311.032
3.510 312.598
3.520 314.576
3.530 316.279
3.540 316.821
3.550 317.312
3.560 319.599
3.570 320.539
3.580 316.891
3.590 321.836
3.600 321.402
3.610 324.387
3.620 324.159
3.630 326.077
3.640 327.430
3.650 328.018
3.660 328.670
3.670 329.434
3.680 331.836
3.690 331.519
3.700 333.401
3.710 332.423
3.720 333.932
3.730 336.096
3.740 335.951
3.750 337.817
3.760 339.928
3.770 340.706
3.780 340.190
3.790 340.909
3.800 342.968
3.810 345.031
3.820 346.288
3.830 347.231
3.840 348.147
3.850 350.258
3.860 351.655
3.870 350.549
3.880 352.838
3.890 355.134
3.900 354.143
3.910 353.410
3.920 356.054
3.930 355.366
3.940 358.653
3.950 358.082
3.960 360.880
3.970 359.458
3.980 359.212
3.990 361.290
4.000 363.416
4.010 364.280
4.020 362.974
4.030 367.308
4.040 366.262
4.050 369.224
4.060 370.320
4.070 371.512
4.080 370.512
4.090 374.548
4.100 375.559
4.110 377.384
4.120 378.185
4.130 376.829
4.140 378.443
4.150 381.075
4.160 382.130
4.170 382.245
4.180 382.735
4.190 383.289
4.200 385.503
4.210 385.452
4.220 386.191
4.230 389.304
4.240 387.670
4.250 388.512
4.260 389.850
4.270 391.612
4.280 393.122
4.290 392.890
4.300 395.993
4.310 395.191
4.320 397.289
4.330 400.622
4.340 401.917
4.350 398.084
4.360 402.358
4.370 402.142
4.380 402.571
4.390 404.577
4.400 406.749
4.410 406.641
4.420 407.843
4.430 407.338
4.440 409.132
4.450 410.139
4.460 410.751
4.470 409.431
4.480 414.123
4.490 415.105
4.500 413.208
4.510 415.629
4.520 418.267
4.530 422.259
4.540 421.305
4.550 421.943
4.560 422.324
4.570 421.428
4.580 420.621
4.590 424.311
4.600 426.636
4.610 423.733
4.620 427.096
4.630 430.533
4.640 431.302
4.650 429.274
4.660 430.852
4.670 433.336
4.680 433.948
4.690 434.881
4.700 435.349
4.710 437.257
4.720 438.535
4.730 437.146
4.740 439.473
4.750 439.298
4.760 442.108
4.770 443.175
4.780 446.947
4.790 446.151
4.800 450.421
4.810 446.196
4.820 447.954
4.830 450.968
4.840 448.737
4.850 453.735
4.860 452.384
4.870 453.086
4.880 459.215
4.890 457.409
4.900 455.734
4.910 458.157
4.920 460.545
4.930 460.337
4.940 462.112
4.950 462.938
4.960 463.594
4.970 463.262
4.980 467.730
4.990 467.624
5.000 467.479
5.010 470.362
5.020 469.789
5.030 468.636
5.040 473.074
5.050 473.459
5.060 473.114
5.070 474.583
5.080 473.766
5.090 474.045
5.100 479.908
5.110 477.461
5.120 481.615
5.130 482.101
5.140 481.805
5.150 483.079
5.160 483.473
5.170 485.134
5.180 486.168
5.190 486.934
5.200 489.589
5.210 488.219
5.220 490.380
5.230 491.776
5.240 492.625
5.250 492.462
5.260 493.703
5.270 492.959
5.280 495.994
5.290 494.371
5.300 495.844
5.310 500.449
5.320 498.774
5.330 502.461
5.340 504.966
5.350 503.564
5.360 503.640
5.370 503.727
5.380 507.121
5.390 505.028
5.400 508.783
5.410 509.732
5.420 511.079
5.430 513.147
5.440 514.250
5.450 512.343
5.460 515.569
5.470 517.159
5.480 514.372
5.490 520.440
5.500 521.387
5.510 520.143
5.520 520.087
5.530 523.860
5.540 523.711
5.550 523.620
5.560 525.561
5.570 526.812
5.580 528.474
5.590 527.826
5.600 530.475
5.610 532.421
5.620 532.601
5.630 537.527
5.640 534.189
5.650 535.037
5.660 535.258
5.670 535.950
5.680 539.079
5.690 539.982
5.700 541.213
5.710 542.333
5.720 540.813
5.730 542.491
5.740 545.013
5.750 544.355
5.760 545.934
5.770 546.882
5.780 548.774
5.790 548.746
5.800 552.143
5.810 552.364
5.820 556.495
5.830 553.185
5.840 551.431
5.850 552.350
5.860 554.596
5.870 556.445
5.880 557.859
5.890 559.334
5.900 557.981
5.910 562.864
5.920 563.558
5.930 564.747
5.940 566.194
5.950 566.680
5.960 566.373
5.970 565.209
5.980 570.645
5.990 569.706
6.000 571.114
6.010 572.904
6.020 572.161
6.030 576.147
6.040 577.773
6.050 574.584
6.060 576.868
6.070 576.429
6.080 581.256
6.090 580.206
6.100 583.592
6.110 579.683
6.120 584.450
6.130 583.324
6.140 583.798
6.150 584.909
6.160 587.520
6.170 589.091
6.180 590.248
6.190 591.638
6.200 590.831
6.210 592.699
6.220 589.777
6.230 594.139
6.240 597.041
6.250 596.982
6.260 598.949
6.270 599.044
6.280 598.535
6.290 601.446
6.300 603.101
6.310 602.810
6.320 606.818
6.330 603.916
6.340 605.945
6.350 607.187
6.360 610.520
6.370 611.232
6.380 609.561
6.390 610.751
6.400 609.306
6.410 611.718
6.420 613.909
6.430 615.127
6.440 619.341
6.450 619.618
6.460 618.841
6.470 619.065
6.480 619.847
6.490 621.208
6.500 623.037
6.510 623.674
6.520 624.137
6.530 625.222
6.540 629.712
6.550 624.488
6.560 631.592
6.570 630.123
6.580 632.177
6.590 632.031
6.600 636.360
6.610 632.371
6.620 633.330
6.630 639.133
6.640 637.316
6.650 640.368
6.660 641.055
6.670 640.545
6.680 637.684
6.690 646.194
6.700 643.028
6.710 643.327
6.720 643.293
6.730 650.962
6.740 647.306
6.750 648.318
6.760 645.890
6.770 650.461
6.780 651.046
6.790 649.951
6.800 655.021
6.810 652.646
6.820 652.983
6.830 657.095
6.840 655.147
6.850 658.947
6.860 660.230
6.870 659.979
6.880 659.591
6.890 663.923
6.900 664.015
6.910 666.059
6.920 664.985
6.930 666.409
6.940 670.902
6.950 668.741
6.960 672.428
6.970 672.239
6.980 670.763
6.990 672.466
7.000 674.005
7.010 676.410
7.020 675.727
7.030 677.475
7.040 679.945
7.050 677.891
7.060 682.109
7.070 682.588
7.080 685.154
7.090 684.425
7.100 685.234
7.110 685.965
7.120 688.903
7.130 684.997
7.140 690.415
7.150 687.585
7.160 690.073
7.170 687.632
7.180 691.984
7.190 693.993
7.200 696.342
7.210 693.237
7.220 695.489
7.230 696.792
7.240 697.340
7.250 697.238
7.260 699.136
7.270 701.758
7.280 706.988
7.290 706.774
7.300 703.074
7.310 706.061
7.320 705.777
7.330 705.370
7.340 709.127
7.350 709.054
7.360 711.661
7.370 710.648
7.380 714.782
7.390 715.016
7.400 713.250
7.410 715.894
7.420 715.076
7.430 716.821
7.440 718.478
7.450 718.422
7.460 723.169
7.470 724.157
7.480 721.486
7.490 724.364
7.500 725.773
7.510 727.288
7.520 725.501
7.530 725.791
7.540 729.529
7.550 731.930
7.560 731.774
7.570 732.942
7.580 735.530
7.590 732.561
7.600 735.642
7.610 737.163
7.620 736.785
7.630 740.953
7.640 742.461
7.650 739.199
7.660 742.972
7.670 740.162
7.680 744.635
7.690 742.192
7.700 748.564
7.710 747.323
7.720 747.689
7.730 753.096
7.740 747.425
7.750 752.058
7.760 754.825
7.770 754.317
7.780 752.781
7.790 758.330
7.800 756.132
7.810 755.101
7.820 756.877
7.830 760.760
7.840 757.856
7.850 762.702
7.860 760.750
7.870 761.993
7.880 765.336
7.890 763.230
7.900 765.710
7.910 769.509
7.920 770.432
7.930 766.881
7.940 772.621
7.950 771.682
7.960 774.163
7.970 773.856
7.980 775.113
7.990 776.108
