0.050 64.742 0.324 10.083 0.253 0.155744 0.003991
0.100 134.492 0.466 14.101 0.370 0.104845 0.002776
0.150 205.752 0.604 17.174 0.476 0.083468 0.002326
0.200 276.165 0.647 18.783 0.472 0.068013 0.001716
0.250 350.869 0.706 21.191 0.594 0.060396 0.001698
0.300 425.831 0.792 23.456 0.601 0.055083 0.001416
0.350 500.449 0.806 25.253 0.588 0.050461 0.001178
0.400 575.004 0.889 27.178 0.683 0.047266 0.001191
0.450 651.089 0.913 27.488 0.620 0.042219 0.000955
0.500 727.858 0.961 29.881 0.702 0.041053 0.000967
0.550 805.290 1.013 30.490 0.748 0.037862 0.000930
0.600 880.441 1.043 31.372 0.769 0.035632 0.000874
0.650 958.147 1.130 35.229 0.814 0.036768 0.000851
0.700 1037.738 1.153 35.630 0.778 0.034334 0.000750
0.750 1115.599 1.162 35.672 0.836 0.031976 0.000750
0.800 1192.359 1.159 36.120 0.771 0.030293 0.000647
0.850 1271.512 1.242 38.671 0.992 0.030413 0.000781
0.900 1346.326 1.311 40.507 0.983 0.030087 0.000731
0.950 1423.128 1.338 41.446 1.034 0.029123 0.000727
1.000 1503.890 1.390 42.817 0.996 0.028471 0.000663
1.050 1581.651 1.431 43.984 1.086 0.027809 0.000687
1.100 1659.509 1.387 42.685 0.990 0.025721 0.000597
1.150 1734.975 1.502 46.161 1.086 0.026606 0.000626
1.200 1813.761 1.506 46.075 1.103 0.025403 0.000609
1.250 1893.757 1.539 47.584 1.253 0.025127 0.000662
1.300 1972.436 1.674 51.613 1.334 0.026167 0.000677
1.350 2050.752 1.582 49.067 1.126 0.023926 0.000550
1.400 2130.426 1.700 51.335 1.294 0.024096 0.000608
1.450 2205.307 1.651 50.020 1.202 0.022682 0.000545
1.500 2287.734 1.728 53.019 1.296 0.023175 0.000567
1.550 2362.593 1.731 53.456 1.218 0.022626 0.000516
1.600 2441.471 1.709 53.163 1.232 0.021775 0.000505
1.650 2521.000 1.832 56.057 1.398 0.022236 0.000555
1.700 2598.758 1.944 59.441 1.424 0.022873 0.000548
1.750 2674.186 1.880 56.704 1.549 0.021204 0.000580
1.800 2755.806 1.807 55.387 1.337 0.020098 0.000486
1.850 2829.486 1.888 56.964 1.266 0.020132 0.000448
1.900 2911.192 1.966 60.081 1.588 0.020638 0.000546
1.950 2985.514 2.040 62.169 1.609 0.020823 0.000539
2.000 3066.526 1.987 60.818 1.456 0.019833 0.000475
2.050 3146.001 2.135 64.651 1.670 0.020550 0.000531
2.100 3226.687 2.084 64.049 1.654 0.019850 0.000513
2.150 3302.628 2.071 62.937 1.760 0.019057 0.000533
2.200 3382.681 2.168 63.403 1.651 0.018744 0.000488
2.250 3460.668 2.242 67.020 1.675 0.019366 0.000484
2.300 3539.714 2.362 70.614 1.841 0.019949 0.000520
2.350 3616.807 2.380 71.012 1.807 0.019634 0.000500
2.400 3695.371 2.359 71.954 1.861 0.019472 0.000504
2.450 3776.352 2.403 72.537 1.801 0.019208 0.000477
2.500 3847.849 2.417 72.483 1.995 0.018837 0.000519
2.550 3929.979 2.326 70.615 1.907 0.017968 0.000485
2.600 4012.747 2.432 73.405 1.780 0.018293 0.000444
2.650 4088.129 2.468 72.839 2.034 0.017817 0.000498
2.700 4169.102 2.533 75.818 2.048 0.018186 0.000491
2.750 4247.091 2.428 73.378 1.931 0.017277 0.000455
2.800 4323.868 2.635 80.012 2.142 0.018505 0.000496
2.850 4401.132 2.642 80.802 2.007 0.018359 0.000456
2.900 4478.107 2.694 81.255 2.117 0.018145 0.000473
2.950 4560.886 2.706 81.157 2.106 0.017794 0.000462
3.000 4629.951 2.565 78.121 2.043 0.016873 0.000441
3.050 4712.554 2.646 79.207 2.044 0.016808 0.000434
3.100 4791.328 2.548 77.210 2.045 0.016115 0.000427
3.150 4875.831 2.688 81.970 1.958 0.016812 0.000402
3.200 4957.976 2.771 83.380 2.196 0.016817 0.000443
3.250 5027.172 2.782 84.224 2.210 0.016754 0.000440
3.300 5107.015 2.866 87.757 2.257 0.017184 0.000442
3.350 5185.968 2.655 79.573 2.313 0.015344 0.000446
3.400 5267.361 2.910 87.274 2.205 0.016569 0.000419
3.450 5348.144 2.748 83.369 2.240 0.015588 0.000419
3.500 5422.267 2.646 80.001 2.089 0.014754 0.000385
3.550 5500.155 2.873 86.793 2.303 0.015780 0.000419
3.600 5575.617 2.946 87.497 2.357 0.015693 0.000423
3.650 5656.220 3.012 90.765 2.344 0.016047 0.000414
3.700 5735.915 2.981 91.017 2.333 0.015868 0.000407
3.750 5814.880 2.978 89.582 2.399 0.015406 0.000413
3.800 5891.450 3.125 92.983 2.515 0.015783 0.000427
3.850 5972.220 2.879 87.590 2.307 0.014666 0.000386
3.900 6046.564 2.962 89.552 2.382 0.014810 0.000394
3.950 6128.013 3.157 95.373 2.586 0.015563 0.000422
4.000 6212.406 3.208 95.420 2.488 0.015360 0.000401
4.050 6288.282 3.304 99.105 2.664 0.015760 0.000424
4.100 6366.250 3.251 96.972 2.737 0.015232 0.000430
4.150 6438.259 3.359 99.196 2.636 0.015407 0.000409
4.200 6521.093 3.128 94.709 2.227 0.014523 0.000342
4.250 6598.996 3.176 96.251 2.521 0.014586 0.000382
4.300 6679.493 3.161 94.750 2.372 0.014185 0.000355
4.350 6743.412 3.069 91.443 2.397 0.013560 0.000355
4.400 6828.999 3.070 94.013 2.310 0.013767 0.000338
4.450 6902.182 3.328 96.587 2.595 0.013994 0.000376
4.500 6989.386 3.270 98.404 2.494 0.014079 0.000357
4.550 7069.118 3.304 99.841 2.578 0.014124 0.000365
4.600 7152.255 3.506 104.003 2.888 0.014541 0.000404
4.650 7224.216 3.434 100.672 2.834 0.013935 0.000392
4.700 7302.762 3.587 107.024 2.882 0.014655 0.000395
4.750 7385.721 3.540 105.864 2.877 0.014334 0.000390
4.800 7460.988 3.414 102.214 2.812 0.013700 0.000377
4.850 7538.602 3.258 98.167 2.435 0.013022 0.000323
4.900 7611.685 3.699 103.946 2.653 0.013656 0.000349
4.950 7693.437 3.391 102.552 2.625 0.013330 0.000341
5.000 7773.195 3.884 114.033 3.039 0.014670 0.000391
5.050 7852.633 3.745 111.129 3.126 0.014152 0.000398
5.100 7932.343 3.666 109.859 2.777 0.013849 0.000350
5.150 8011.659 3.468 104.115 2.603 0.012995 0.000325
5.200 8079.861 3.653 109.391 2.904 0.013539 0.000360
5.250 8161.878 3.266 97.676 2.534 0.011967 0.000310
5.300 8241.324 3.700 110.670 2.986 0.013429 0.000362
5.350 8321.751 3.922 116.348 3.040 0.013981 0.000365
5.400 8401.542 3.580 107.828 2.931 0.012834 0.000349
5.450 8477.434 3.566 108.193 2.916 0.012763 0.000344
5.500 8557.954 3.721 111.604 3.184 0.013041 0.000372
5.550 8634.175 3.887 114.994 3.079 0.013318 0.000357
5.600 8712.061 4.098 119.463 3.391 0.013712 0.000389
5.650 8797.258 4.032 117.604 3.177 0.013368 0.000361
5.700 8871.853 3.847 114.293 3.071 0.012883 0.000346
5.750 8950.137 3.611 108.354 3.110 0.012106 0.000348
5.800 9026.304 3.819 112.434 3.121 0.012456 0.000346
5.850 9105.227 3.882 117.416 3.094 0.012895 0.000340
5.900 9194.422 3.847 114.067 3.098 0.012406 0.000337
5.950 9264.460 3.988 115.969 3.284 0.012518 0.000355
6.000 9332.706 4.034 119.419 3.326 0.012796 0.000356
6.050 9412.024 3.709 112.442 3.353 0.011947 0.000356
6.100 9496.556 4.179 124.196 3.295 0.013078 0.000347
6.150 9569.535 3.851 114.108 3.220 0.011924 0.000336
6.200 9656.902 3.952 119.418 3.140 0.012366 0.000325
6.250 9724.223 3.993 117.933 3.366 0.012128 0.000346
6.300 9805.642 3.999 120.149 3.381 0.012253 0.000345
6.350 9894.536 4.097 120.384 3.166 0.012167 0.000320
6.400 9978.686 4.122 122.481 3.708 0.012274 0.000372
6.450 10047.361 3.961 118.590 3.039 0.011803 0.000302
6.500 10128.030 4.088 121.592 3.157 0.012006 0.000312
6.550 10208.744 4.339 127.390 3.758 0.012479 0.000368
6.600 10289.128 4.231 124.700 3.374 0.012120 0.000328
6.650 10364.603 4.034 121.695 3.106 0.011741 0.000300
6.700 10434.945 4.267 125.225 3.498 0.012001 0.000335
6.750 10513.842 4.171 123.445 3.448 0.011741 0.000328
6.800 10602.586 4.352 127.149 3.587 0.011992 0.000338
6.850 10674.162 4.355 128.199 3.348 0.012010 0.000314
6.900 10745.745 4.123 122.319 3.296 0.011383 0.000307
6.950 10824.222 4.330 123.473 3.762 0.011407 0.000348
7.000 10908.243 4.309 126.569 3.504 0.011603 0.000321
7.050 10991.982 4.471 130.126 3.552 0.011838 0.000323
7.100 11063.108 4.514 131.950 3.726 0.011927 0.000337
7.150 11142.619 4.209 127.425 3.516 0.011436 0.000316
7.200 11222.281 4.355 128.012 3.409 0.011407 0.000304
7.250 11301.599 4.406 129.649 3.728 0.011472 0.000330
7.300 11382.970 4.265 128.288 3.538 0.011270 0.000311
7.350 11462.905 4.389 127.122 3.540 0.011090 0.000309
7.400 11537.205 4.396 131.262 3.485 0.011377 0.000302
7.450 11617.200 4.419 131.883 3.638 0.011352 0.000313
7.500 11691.750 4.554 132.877 4.305 0.011365 0.000368
7.550 11775.344 4.794 140.900 3.933 0.011966 0.000334
7.600 11854.086 4.372 129.879 3.739 0.010956 0.000315
7.650 11933.560 4.610 135.364 3.828 0.011343 0.000321
7.700 12007.989 4.443 131.480 3.499 0.010949 0.000291
7.750 12090.438 4.543 133.832 3.725 0.011069 0.000308
7.800 12161.643 4.467 129.476 3.702 0.010646 0.000304
7.850 12237.049 4.722 137.904 3.990 0.011269 0.000326
7.900 12306.939 4.537 132.848 3.791 0.010795 0.000308
7.950 12391.824 4.926 145.632 4.190 0.011752 0.000338
8.000 12475.108 4.592 136.195 3.837 0.010917 0.000308
8.050 12550.822 4.589 134.191 3.833 0.010692 0.000305
8.100 12637.483 4.870 142.424 4.049 0.011270 0.000320
8.150 12707.930 4.838 143.657 3.995 0.011305 0.000314
8.200 12789.282 4.526 135.630 3.679 0.010605 0.000288
8.250 12858.872 4.382 129.491 3.656 0.010070 0.000284
8.300 12943.200 4.981 143.226 4.221 0.011066 0.000326
8.350 13028.021 4.996 144.989 4.262 0.011129 0.000327
8.400 13108.325 4.823 141.697 3.604 0.010810 0.000275
8.450 13173.100 4.850 141.788 3.994 0.010763 0.000303
8.500 13251.356 5.023 148.007 4.145 0.011169 0.000313
8.550 13327.091 4.627 136.452 3.844 0.010239 0.000288
8.600 13410.678 4.920 145.172 4.010 0.010825 0.000299
8.650 13492.470 5.084 148.330 4.745 0.010994 0.000352
8.700 13575.776 4.944 143.068 4.314 0.010538 0.000318
8.750 13643.745 4.780 140.720 3.748 0.010314 0.000275
8.800 13747.722 4.773 135.723 4.696 0.009872 0.000342
8.850 13806.565 5.021 146.341 4.213 0.010599 0.000305
8.900 13879.151 5.315 154.119 4.653 0.011104 0.000335
8.950 13955.741 5.428 156.251 4.539 0.011196 0.000325
9.000 14041.026 5.330 153.235 4.873 0.010913 0.000347
9.050 14116.890 5.322 153.816 4.288 0.010896 0.000304
9.100 14193.104 4.841 142.511 3.973 0.010041 0.000280
9.150 14264.048 5.081 147.960 4.455 0.010373 0.000312
9.200 14360.319 5.011 145.238 4.242 0.010114 0.000295
9.250 14434.344 5.201 150.324 4.145 0.010414 0.000287
9.300 14516.602 5.049 147.848 4.228 0.010185 0.000291
9.350 14599.535 4.964 144.522 4.278 0.009899 0.000293
9.400 14666.693 5.429 155.319 4.894 0.010590 0.000334
9.450 14750.795 5.271 152.468 4.580 0.010336 0.000311
9.500 14823.711 5.157 150.373 4.087 0.010144 0.000276
9.550 14905.643 5.393 158.232 4.942 0.010616 0.000332
9.600 14982.832 5.528 161.799 4.740 0.010799 0.000316
9.650 15059.835 5.268 151.188 4.276 0.010039 0.000284
9.700 15147.982 5.204 151.529 4.618 0.010003 0.000305
9.750 15210.025 5.515 162.200 4.729 0.010664 0.000311
9.800 15291.151 5.535 157.578 4.709 0.010305 0.000308
9.850 15371.452 5.635 163.219 4.583 0.010618 0.000298
9.900 15452.104 5.447 158.372 4.813 0.010249 0.000312
9.950 15533.837 5.231 153.323 4.378 0.009870 0.000282
10.000 15611.164 6.034 171.158 5.066 0.010964 0.000325
10.050 15686.645 5.614 157.504 5.150 0.010041 0.000328
10.100 15762.099 5.376 157.687 4.419 0.010004 0.000280
10.150 15851.986 5.310 156.005 4.681 0.009841 0.000295
10.200 15915.662 5.273 152.974 4.789 0.009612 0.000301
10.250 16000.003 5.764 167.285 5.377 0.010455 0.000336
10.300 16066.209 5.726 165.111 4.629 0.010277 0.000288
10.350 16166.460 5.537 159.275 4.852 0.009852 0.000300
10.400 16239.367 5.387 156.483 4.694 0.009636 0.000289
10.450 16319.793 5.722 165.594 4.616 0.010147 0.000283
10.500 16387.059 5.697 163.641 5.111 0.009986 0.000312
10.550 16463.129 5.784 166.392 4.600 0.010107 0.000279
10.600 16540.562 5.694 163.398 4.964 0.009879 0.000300
10.650 16626.201 5.166 150.367 4.562 0.009044 0.000274
10.700 16684.925 5.846 162.187 5.150 0.009721 0.000309
10.750 16788.179 5.467 159.684 4.520 0.009512 0.000269
10.800 16867.811 5.727 164.893 4.859 0.009776 0.000288
10.850 16934.296 5.405 156.070 4.674 0.009216 0.000276
10.900 17010.253 5.644 162.962 4.882 0.009580 0.000287
10.950 17103.090 6.045 173.695 5.522 0.010156 0.000323
11.000 17162.911 5.505 159.270 4.956 0.009280 0.000289
11.050 17251.669 6.050 175.773 5.236 0.010189 0.000304
11.100 17329.582 5.689 163.683 4.926 0.009445 0.000284
11.150 17411.900 5.874 172.221 4.874 0.009891 0.000280
11.200 17489.757 5.746 165.505 4.887 0.009463 0.000279
11.250 17551.416 5.976 174.986 5.054 0.009970 0.000288
11.300 17632.503 5.836 170.669 4.687 0.009679 0.000266
11.350 17720.682 5.718 166.664 4.837 0.009405 0.000273
11.400 17799.612 5.740 168.375 5.136 0.009459 0.000289
11.450 17878.481 5.643 164.809 4.226 0.009218 0.000236
11.500 17965.948 5.940 169.025 5.888 0.009408 0.000328
11.550 18029.945 5.795 168.444 5.361 0.009342 0.000297
11.600 18104.229 6.172 176.451 5.219 0.009746 0.000288
11.650 18190.685 5.861 169.670 5.180 0.009327 0.000285
11.700 18268.068 5.543 161.189 4.495 0.008824 0.000246
11.750 18341.408 6.167 176.445 5.202 0.009620 0.000284
11.800 18417.725 6.006 175.315 5.030 0.009519 0.000273
11.850 18510.010 6.205 178.564 5.244 0.009647 0.000283
11.900 18593.593 5.788 167.226 4.954 0.008994 0.000266
11.950 18660.190 5.924 168.577 5.410 0.009034 0.000290
12.000 18734.455 6.500 181.382 5.549 0.009682 0.000296
12.050 18807.271 6.036 176.171 5.073 0.009367 0.000270
12.100 18889.444 6.236 181.987 5.403 0.009634 0.000286
12.150 18969.091 6.101 175.913 5.076 0.009274 0.000268
12.200 19048.928 6.335 185.036 5.117 0.009714 0.000269
12.250 19133.045 6.124 177.623 4.922 0.009284 0.000257
12.300 19218.121 6.174 179.756 5.519 0.009353 0.000287
12.350 19288.546 5.626 161.494 4.806 0.008373 0.000249
12.400 19375.325 6.148 178.423 5.093 0.009209 0.000263
12.450 19452.393 6.392 182.502 5.483 0.009382 0.000282
12.500 19516.623 6.458 187.231 5.532 0.009593 0.000283
12.550 19611.163 5.998 172.995 5.296 0.008821 0.000270
12.600 19675.092 6.472 187.481 5.306 0.009529 0.000270
12.650 19740.230 6.285 179.734 5.221 0.009105 0.000265
12.700 19841.877 5.996 174.787 5.015 0.008809 0.000253
12.750 19898.511 6.342 181.570 5.250 0.009125 0.000264
12.800 19982.520 6.131 177.629 5.359 0.008889 0.000268
12.850 20079.315 6.519 185.342 5.770 0.009231 0.000287
12.900 20143.379 6.259 178.945 5.689 0.008884 0.000282
12.950 20234.536 5.893 171.304 5.187 0.008466 0.000256
13.000 20308.670 6.255 181.166 5.671 0.008921 0.000279
13.050 20372.779 6.215 179.013 5.361 0.008787 0.000263
13.100 20452.273 6.153 178.954 5.211 0.008750 0.000255
13.150 20530.994 6.510 188.291 5.415 0.009171 0.000264
13.200 20618.236 6.002 174.838 5.111 0.008480 0.000248
13.250 20683.330 6.575 188.803 5.714 0.009128 0.000276
13.300 20777.835 6.247 179.465 5.600 0.008637 0.000270
13.350 20861.124 6.298 181.810 5.285 0.008715 0.000253
13.400 20922.987 6.523 186.143 5.772 0.008897 0.000276
13.450 21005.627 6.289 183.879 5.215 0.008754 0.000248
13.500 21074.001 7.045 201.912 5.945 0.009581 0.000282
13.550 21158.442 6.112 175.124 5.079 0.008277 0.000240
13.600 21251.071 6.275 178.497 6.027 0.008399 0.000284
13.650 21330.604 6.970 200.089 5.980 0.009380 0.000280
13.700 21391.850 6.352 185.339 5.107 0.008664 0.000239
13.750 21475.253 6.434 182.791 5.908 0.008512 0.000275
13.800 21553.426 6.262 183.404 5.019 0.008509 0.000233
13.850 21630.665 6.577 189.776 5.868 0.008773 0.000271
13.900 21722.982 6.678 183.888 6.167 0.008465 0.000284
13.950 21788.898 6.634 192.385 5.763 0.008829 0.000265
14.000 21857.842 6.865 199.024 6.258 0.009105 0.000286
14.050 21956.381 6.477 184.222 5.867 0.008390 0.000267
14.100 22012.259 7.446 206.067 6.757 0.009361 0.000307
14.150 22084.042 6.807 196.859 5.876 0.008914 0.000266
14.200 22193.448 7.095 201.418 6.070 0.009076 0.000274
14.250 22255.894 6.584 191.881 6.257 0.008622 0.000281
14.300 22325.283 6.596 188.257 5.778 0.008432 0.000259
14.350 22421.259 6.832 196.864 5.909 0.008780 0.000264
14.400 22491.126 6.741 195.726 5.448 0.008702 0.000242
14.450 22574.142 6.993 198.087 6.332 0.008775 0.000281
14.500 22652.602 6.769 192.030 5.983 0.008477 0.000264
14.550 22738.580 6.719 193.810 5.681 0.008523 0.000250
14.650 22891.240 6.696 191.672 5.740 0.008373 0.000251
14.700 22962.736 7.437 208.684 6.508 0.009088 0.000283
14.750 23041.950 6.377 183.028 6.003 0.007943 0.000261
14.800 23108.596 6.823 197.217 5.720 0.008534 0.000248
14.850 23191.403 6.586 190.645 5.833 0.008221 0.000252
14.900 23281.725 6.728 191.976 5.812 0.008246 0.000250
14.950 23355.897 6.973 200.428 6.491 0.008581 0.000278
15.000 23426.034 6.934 199.482 5.865 0.008515 0.000250
15.050 23487.832 7.116 204.415 6.006 0.008703 0.000256
15.100 23585.620 6.556 189.276 5.474 0.008025 0.000232
15.150 23664.950 7.182 198.618 6.493 0.008393 0.000274
15.200 23746.068 7.709 216.795 6.603 0.009130 0.000278
15.250 23811.746 7.015 200.767 6.309 0.008431 0.000265
15.300 23898.398 7.346 209.230 6.478 0.008755 0.000271
15.350 23963.231 6.992 204.342 5.875 0.008527 0.000245
15.400 24054.881 7.498 210.794 6.336 0.008763 0.000263
15.450 24137.166 7.167 208.933 5.895 0.008656 0.000244
15.500 24212.265 7.457 211.638 7.063 0.008741 0.000292
15.550 24297.722 7.340 208.696 6.792 0.008589 0.000280
15.600 24356.993 7.419 212.361 6.578 0.008719 0.000270
15.650 24458.904 7.023 201.050 5.786 0.008220 0.000237
15.700 24524.086 6.832 197.748 5.848 0.008063 0.000238
15.750 24610.691 7.695 214.639 6.956 0.008721 0.000283
15.800 24677.121 7.339 207.749 6.571 0.008419 0.000266
15.850 24766.999 7.240 207.409 6.342 0.008374 0.000256
15.900 24853.560 7.469 205.265 7.270 0.008259 0.000293
15.950 24903.988 6.964 198.571 6.211 0.007973 0.000249
16.000 24993.717 7.335 206.567 6.992 0.008265 0.000280
