0.000 1.681 0.162 0.250 0.222 0.148884 0.132571
0.001 1.785 0.100 0.245 0.086 0.137053 0.048679
0.002 1.229 0.494 1.804 0.237 1.467835 0.620536
0.003 2.525 0.133 2.166 0.105 0.857648 0.061407
0.004 3.871 0.081 2.197 0.067 0.567714 0.020878
0.005 5.263 0.074 2.261 0.066 0.429563 0.013959
0.006 6.500 0.084 2.443 0.064 0.375792 0.010994
0.007 7.663 0.096 2.763 0.076 0.360628 0.010901
0.008 8.943 0.103 2.912 0.071 0.325675 0.008777
0.009 10.149 0.105 2.890 0.056 0.284727 0.006279
0.010 11.298 0.115 3.244 0.067 0.287124 0.006610
0.011 12.591 0.338 3.243 0.249 0.257578 0.020953
0.012 14.131 0.123 3.595 0.080 0.254428 0.006095
0.013 15.412 0.124 3.857 0.085 0.250255 0.005860
0.014 16.515 0.131 3.921 0.088 0.237420 0.005659
0.015 18.029 0.137 4.198 0.095 0.232846 0.005564
0.016 19.202 0.136 4.263 0.099 0.222032 0.005414
0.017 20.736 0.147 4.587 0.111 0.221221 0.005574
0.018 22.049 0.153 4.770 0.116 0.216332 0.005486
0.019 23.461 0.168 5.050 0.127 0.215257 0.005643
0.020 24.495 0.157 4.893 0.113 0.199771 0.004797
0.021 26.232 0.163 4.938 0.119 0.188253 0.004688
0.022 27.404 0.172 5.175 0.144 0.188855 0.005374
0.023 28.746 0.175 5.196 0.116 0.180771 0.004186
0.024 30.126 0.169 5.271 0.125 0.174967 0.004254
0.025 31.479 0.178 5.449 0.137 0.173112 0.004448
0.026 32.928 0.183 5.642 0.133 0.171351 0.004143
0.027 34.256 0.185 5.565 0.127 0.162451 0.003806
0.028 35.438 0.187 5.828 0.131 0.164462 0.003804
0.029 36.705 0.201 6.292 0.143 0.171412 0.004019
0.030 38.689 0.201 6.237 0.128 0.161199 0.003402
0.031 39.490 0.198 6.107 0.145 0.154655 0.003756
0.032 41.068 0.217 6.272 0.148 0.152729 0.003700
0.033 42.484 0.210 6.509 0.158 0.153212 0.003792
0.034 43.730 0.217 6.415 0.146 0.146693 0.003424
0.035 45.149 0.213 6.609 0.170 0.146375 0.003819
0.036 46.037 0.217 6.647 0.173 0.144375 0.003826
0.037 47.762 0.220 6.844 0.163 0.143286 0.003468
0.038 48.814 0.234 6.990 0.167 0.143197 0.003485
0.039 50.318 0.213 6.654 0.159 0.132242 0.003211
0.040 51.793 0.238 7.206 0.178 0.139130 0.003498
0.041 53.068 0.232 7.133 0.166 0.134420 0.003177
0.042 54.689 0.253 7.772 0.185 0.142109 0.003440
0.043 56.024 0.235 7.380 0.173 0.131729 0.003132
0.044 57.123 0.250 7.722 0.185 0.135188 0.003286
0.045 58.832 0.244 7.599 0.194 0.129156 0.003341
0.046 60.143 0.250 7.637 0.172 0.126975 0.002910
0.047 61.597 0.265 8.056 0.193 0.130791 0.003191
0.048 62.792 0.253 7.883 0.195 0.125533 0.003148
0.049 64.643 0.261 7.783 0.173 0.120406 0.002718
0.050 65.921 0.264 8.343 0.179 0.126558 0.002756
0.060 79.725 0.301 9.177 0.211 0.115113 0.002679
0.070 92.739 0.315 9.686 0.225 0.104448 0.002450
0.080 106.057 0.323 9.946 0.228 0.093776 0.002171
0.090 118.599 0.355 10.845 0.265 0.091441 0.002248
0.100 133.273 0.374 11.562 0.282 0.086753 0.002128
0.110 146.625 0.397 12.126 0.286 0.082699 0.001960
0.120 161.604 0.436 12.995 0.314 0.080411 0.001956
0.130 174.870 0.431 13.225 0.335 0.075626 0.001922
0.140 188.261 0.456 13.834 0.370 0.073481 0.001974
0.150 201.892 0.435 13.228 0.321 0.065521 0.001598
0.160 215.725 0.497 15.002 0.365 0.069544 0.001697
0.170 229.728 0.486 14.766 0.348 0.064278 0.001522
0.180 243.849 0.499 15.134 0.371 0.062064 0.001528
0.190 256.671 0.516 15.721 0.348 0.061250 0.001361
0.200 271.065 0.534 16.173 0.386 0.059663 0.001428
0.210 285.119 0.548 16.498 0.425 0.057863 0.001495
0.220 297.394 0.567 17.308 0.461 0.058199 0.001554
0.230 312.158 0.535 16.262 0.439 0.052095 0.001408
0.240 327.278 0.578 17.269 0.456 0.052765 0.001395
0.250 340.934 0.585 17.675 0.450 0.051844 0.001323
0.260 354.655 0.639 18.971 0.492 0.053492 0.001389
0.270 369.654 0.609 18.474 0.472 0.049977 0.001280
0.280 383.691 0.635 19.198 0.519 0.050034 0.001356
0.290 397.003 0.673 19.944 0.513 0.050237 0.001295
0.300 411.867 0.654 19.971 0.520 0.048489 0.001266
0.310 426.546 0.676 20.498 0.511 0.048056 0.001200
0.320 439.596 0.678 20.531 0.499 0.046703 0.001138
0.330 455.259 0.677 20.515 0.514 0.045063 0.001131
0.340 468.977 0.713 21.188 0.522 0.045180 0.001114
0.350 483.478 0.720 21.460 0.533 0.044386 0.001105
0.360 499.362 0.724 21.906 0.575 0.043867 0.001153
0.370 510.486 0.730 22.188 0.601 0.043465 0.001179
0.380 527.980 0.756 22.649 0.585 0.042897 0.001109
0.390 540.904 0.728 21.925 0.522 0.040533 0.000967
0.400 555.175 0.783 23.681 0.579 0.042654 0.001044
0.410 569.520 0.840 25.102 0.626 0.044076 0.001102
0.420 584.163 0.788 23.680 0.593 0.040536 0.001016
0.430 600.619 0.713 21.847 0.506 0.036375 0.000843
0.440 611.142 0.836 24.164 0.658 0.039538 0.001079
0.450 627.440 0.831 25.071 0.633 0.039958 0.001011
0.460 642.165 0.789 23.870 0.597 0.037172 0.000931
0.470 656.308 0.847 25.220 0.670 0.038427 0.001022
0.480 669.628 0.834 25.303 0.618 0.037786 0.000923
0.490 686.727 0.839 24.850 0.627 0.036187 0.000914
0.500 700.750 0.811 24.619 0.609 0.035132 0.000870
0.510 714.378 0.915 27.090 0.737 0.037921 0.001033
0.520 727.994 0.922 27.523 0.724 0.037806 0.000995
0.530 744.765 0.842 25.700 0.659 0.034508 0.000886
0.540 756.858 0.944 28.099 0.726 0.037126 0.000960
0.550 773.690 0.924 27.624 0.757 0.035705 0.000979
0.560 787.257 0.946 28.656 0.751 0.036400 0.000955
0.570 801.136 0.906 26.916 0.756 0.033597 0.000945
0.580 816.439 0.952 28.274 0.789 0.034631 0.000967
0.590 830.586 1.020 30.253 0.832 0.036424 0.001003
0.600 846.446 1.044 30.410 0.776 0.035927 0.000918
0.610 861.248 0.990 29.434 0.823 0.034176 0.000957
0.620 874.465 0.976 29.000 0.712 0.033164 0.000815
0.630 891.175 1.028 30.046 0.766 0.033715 0.000860
0.640 903.481 1.004 28.594 0.807 0.031649 0.000894
0.650 919.366 1.027 30.591 0.772 0.033274 0.000841
0.660 933.686 1.090 32.336 0.836 0.034633 0.000896
0.670 949.991 1.049 31.559 0.863 0.033221 0.000909
0.680 962.012 1.063 31.512 0.847 0.032756 0.000881
0.690 976.633 1.038 30.275 0.785 0.031000 0.000804
0.700 991.883 1.040 31.069 0.826 0.031323 0.000833
0.710 1007.288 1.082 31.621 0.819 0.031392 0.000814
0.720 1021.129 1.049 31.758 0.845 0.031101 0.000828
0.730 1039.150 1.182 33.447 0.977 0.032187 0.000941
0.740 1052.340 1.037 30.993 0.792 0.029451 0.000754
0.750 1064.692 1.086 31.864 0.779 0.029928 0.000732
0.760 1083.379 1.100 32.964 0.959 0.030427 0.000885
0.770 1094.464 1.101 32.687 0.864 0.029866 0.000790
0.780 1109.857 1.130 33.679 0.919 0.030345 0.000829
0.790 1127.014 1.206 34.910 1.041 0.030975 0.000924
0.800 1138.109 1.165 34.369 0.993 0.030199 0.000873
0.810 1154.405 1.129 33.570 0.934 0.029080 0.000809
0.820 1168.814 1.204 35.737 0.963 0.030575 0.000824
0.830 1183.482 1.199 35.855 0.962 0.030297 0.000813
0.840 1197.855 1.238 36.537 0.943 0.030502 0.000787
0.850 1213.910 1.253 36.742 0.936 0.030267 0.000772
0.860 1227.501 1.209 36.205 0.966 0.029495 0.000788
0.870 1243.606 1.154 34.455 0.909 0.027706 0.000731
0.880 1260.747 1.201 35.532 0.964 0.028183 0.000765
0.890 1272.773 1.200 34.152 1.018 0.026833 0.000800
0.900 1286.847 1.280 37.858 1.037 0.029419 0.000806
0.910 1302.624 1.262 37.312 1.001 0.028644 0.000769
0.920 1319.319 1.276 37.624 1.018 0.028518 0.000772
0.930 1331.266 1.251 36.714 1.012 0.027578 0.000761
0.940 1344.934 1.305 38.392 1.078 0.028546 0.000802
0.950 1362.624 1.245 36.905 1.068 0.027083 0.000784
0.960 1375.242 1.250 37.381 0.974 0.027182 0.000709
0.970 1391.734 1.343 39.032 1.099 0.028046 0.000790
0.980 1406.567 1.341 39.452 1.110 0.028049 0.000790
0.990 1422.519 1.260 37.650 1.043 0.026467 0.000733
1.000 1433.969 1.244 37.044 0.978 0.025833 0.000682
1.010 1451.193 1.336 39.351 1.087 0.027116 0.000749
1.020 1464.863 1.305 38.635 1.049 0.026374 0.000716
1.030 1479.747 1.351 39.622 1.075 0.026777 0.000727
1.040 1492.627 1.363 39.258 1.124 0.026301 0.000754
1.050 1509.898 1.302 38.045 1.052 0.025197 0.000697
1.060 1528.284 1.432 41.329 1.101 0.027043 0.000721
1.070 1539.028 1.344 39.443 1.150 0.025628 0.000748
1.080 1551.387 1.386 40.443 1.209 0.026069 0.000779
1.090 1569.458 1.309 38.451 1.054 0.024500 0.000672
1.100 1583.821 1.397 41.304 1.154 0.026078 0.000729
1.110 1599.665 1.411 41.458 1.151 0.025917 0.000720
1.120 1610.730 1.441 42.293 1.181 0.026257 0.000733
1.130 1630.202 1.299 38.003 1.065 0.023312 0.000654
1.140 1641.602 1.512 44.055 1.273 0.026837 0.000776
1.150 1655.560 1.413 42.178 1.257 0.025476 0.000760
1.160 1670.910 1.503 44.031 1.266 0.026351 0.000758
1.170 1688.854 1.411 40.665 1.153 0.024078 0.000683
1.180 1703.588 1.444 42.695 1.183 0.025062 0.000694
1.190 1715.582 1.477 42.372 1.240 0.024698 0.000723
1.200 1731.184 1.507 44.028 1.220 0.025432 0.000705
1.210 1749.633 1.527 43.982 1.499 0.025138 0.000857
1.220 1761.545 1.746 48.721 1.527 0.027658 0.000867
1.230 1776.476 1.542 44.765 1.223 0.025199 0.000689
1.240 1791.638 1.545 46.005 1.334 0.025677 0.000745
1.250 1808.242 1.501 43.993 1.336 0.024329 0.000739
1.260 1822.955 1.512 43.790 1.311 0.024021 0.000719
1.270 1837.462 1.594 44.065 1.460 0.023981 0.000795
1.280 1849.081 1.528 45.385 1.395 0.024545 0.000755
1.290 1867.557 1.468 42.439 1.236 0.022724 0.000662
1.300 1880.735 1.465 42.848 1.255 0.022783 0.000667
1.310 1895.519 1.709 49.030 1.594 0.025866 0.000841
1.320 1909.205 1.568 45.971 1.315 0.024078 0.000689
1.330 1924.767 1.641 46.431 1.403 0.024123 0.000729
1.340 1938.308 1.601 46.874 1.391 0.024183 0.000718
1.350 1953.162 1.632 46.574 1.299 0.023845 0.000665
1.360 1971.045 1.518 44.748 1.183 0.022702 0.000601
1.370 1986.827 1.605 46.925 1.286 0.023618 0.000647
1.380 1997.353 1.683 47.481 1.435 0.023772 0.000719
1.390 2013.424 1.649 47.827 1.331 0.023754 0.000662
1.400 2029.382 1.678 48.564 1.459 0.023930 0.000719
1.410 2044.825 1.642 47.652 1.418 0.023304 0.000694
1.420 2061.291 1.545 45.741 1.194 0.022190 0.000579
1.430 2072.813 1.688 48.390 1.480 0.023345 0.000714
1.440 2086.750 1.707 49.735 1.403 0.023834 0.000672
1.450 2105.326 1.714 49.773 1.331 0.023642 0.000633
1.460 2120.635 1.716 49.376 1.425 0.023283 0.000672
1.470 2136.584 1.725 48.236 1.484 0.022576 0.000695
1.480 2146.371 1.617 46.993 1.348 0.021894 0.000628
1.490 2161.838 1.692 49.545 1.437 0.022918 0.000665
1.500 2180.287 1.677 49.097 1.372 0.022519 0.000630
1.510 2192.677 1.690 49.683 1.421 0.022659 0.000648
1.520 2207.101 1.800 50.390 1.753 0.022831 0.000794
1.530 2219.501 1.704 48.050 1.440 0.021649 0.000649
1.540 2238.355 1.791 51.791 1.465 0.023138 0.000655
1.550 2253.479 1.703 49.712 1.436 0.022060 0.000637
1.560 2266.926 1.781 51.590 1.609 0.022758 0.000710
1.570 2284.384 1.799 52.084 1.476 0.022800 0.000646
1.580 2298.205 1.807 52.901 1.555 0.023018 0.000677
1.590 2312.755 1.700 49.126 1.389 0.021241 0.000601
1.600 2329.945 1.677 48.843 1.414 0.020963 0.000607
1.610 2340.569 1.758 50.641 1.443 0.021636 0.000617
1.620 2355.813 1.709 50.386 1.420 0.021388 0.000603
1.630 2371.417 1.852 52.475 1.578 0.022128 0.000666
1.640 2389.419 1.734 50.234 1.618 0.021023 0.000677
1.650 2401.867 1.921 54.609 1.660 0.022736 0.000692
1.660 2415.896 1.905 55.196 1.589 0.022847 0.000658
1.670 2428.918 1.892 53.859 1.563 0.022174 0.000644
1.680 2445.786 2.069 57.821 1.795 0.023641 0.000734
1.690 2463.038 1.895 54.648 1.729 0.022187 0.000702
1.700 2473.547 1.877 52.815 1.636 0.021352 0.000662
1.710 2489.635 1.930 54.862 1.630 0.022036 0.000655
1.720 2508.258 1.901 55.173 1.570 0.021997 0.000626
1.730 2521.918 1.897 54.463 1.695 0.021596 0.000672
1.740 2537.351 1.943 55.778 1.627 0.021983 0.000641
1.750 2552.449 1.964 55.258 1.616 0.021649 0.000633
1.760 2567.811 1.969 55.989 1.666 0.021804 0.000649
1.770 2579.035 1.854 52.493 1.557 0.020354 0.000604
1.780 2591.453 1.872 54.236 1.592 0.020929 0.000615
1.790 2612.170 2.059 57.642 1.835 0.022067 0.000703
1.800 2626.639 1.908 54.515 1.875 0.020754 0.000714
1.810 2640.934 1.895 55.556 1.693 0.021036 0.000641
1.820 2658.612 1.922 54.573 1.503 0.020527 0.000566
1.830 2665.893 1.845 54.100 1.555 0.020294 0.000583
1.840 2682.137 1.869 54.016 1.574 0.020139 0.000587
1.850 2694.282 1.990 56.532 1.832 0.020982 0.000680
1.860 2715.139 1.912 55.031 1.629 0.020268 0.000600
1.870 2724.872 2.059 59.177 1.708 0.021717 0.000627
1.880 2740.822 1.941 56.322 1.701 0.020549 0.000621
1.890 2755.218 1.924 55.074 1.654 0.019989 0.000600
1.900 2775.848 1.955 56.180 1.672 0.020239 0.000603
1.910 2785.350 2.004 57.756 1.678 0.020735 0.000603
1.920 2801.514 1.959 55.788 1.753 0.019914 0.000626
1.930 2818.020 2.099 58.478 1.897 0.020751 0.000673
1.940 2832.262 1.929 55.309 1.662 0.019528 0.000587
1.950 2849.231 1.997 56.467 1.747 0.019818 0.000613
1.960 2865.662 2.133 60.867 1.858 0.021240 0.000649
1.970 2882.194 1.958 55.783 1.634 0.019354 0.000567
1.980 2893.199 2.039 57.561 1.885 0.019895 0.000652
1.990 2904.934 1.973 57.753 1.708 0.019881 0.000588
2.000 2923.555 2.201 60.763 1.955 0.020784 0.000669
2.010 2935.323 2.096 60.575 1.731 0.020637 0.000590
2.020 2943.847 1.942 56.091 1.680 0.019054 0.000571
2.030 2965.983 2.046 58.761 1.824 0.019812 0.000615
2.040 2979.506 2.067 58.648 1.818 0.019684 0.000610
2.050 2993.364 1.961 56.695 1.711 0.018940 0.000572
2.060 3006.324 1.908 56.423 1.559 0.018768 0.000519
2.070 3025.566 2.185 62.848 2.026 0.020772 0.000670
2.080 3043.173 2.126 60.988 1.840 0.020041 0.000605
2.090 3052.893 2.005 58.273 1.590 0.019088 0.000521
2.100 3074.269 2.058 58.786 1.753 0.019122 0.000570
2.110 3086.111 2.287 63.378 1.897 0.020537 0.000615
2.120 3097.655 2.146 60.210 1.915 0.019437 0.000618
2.130 3116.421 2.207 62.826 2.035 0.020160 0.000653
2.140 3132.489 1.952 56.083 1.708 0.017904 0.000545
2.150 3146.020 2.083 59.068 1.946 0.018776 0.000619
2.160 3166.755 2.369 64.925 2.046 0.020502 0.000646
2.170 3181.004 2.077 58.995 1.881 0.018546 0.000591
2.180 3192.157 2.102 59.310 1.958 0.018580 0.000614
2.190 3205.624 2.132 61.149 1.759 0.019075 0.000549
2.200 3217.759 2.146 61.079 1.909 0.018982 0.000593
2.210 3234.753 2.316 65.184 1.984 0.020151 0.000614
2.220 3247.324 2.217 63.459 2.079 0.019542 0.000640
2.230 3260.240 2.229 63.299 2.062 0.019416 0.000633
2.240 3281.765 2.105 61.016 1.736 0.018592 0.000529
2.250 3291.751 2.301 65.165 2.001 0.019797 0.000608
2.260 3309.201 2.320 66.101 2.066 0.019975 0.000624
2.270 3324.656 2.136 61.986 1.758 0.018644 0.000529
2.280 3342.575 2.184 61.868 1.956 0.018509 0.000585
2.290 3351.663 2.324 64.796 2.063 0.019332 0.000616
2.300 3371.754 2.116 59.439 1.909 0.017629 0.000566
2.310 3382.084 2.247 63.878 1.901 0.018887 0.000562
2.320 3402.517 2.075 59.866 1.913 0.017595 0.000562
2.330 3409.706 2.228 63.670 1.957 0.018673 0.000574
2.340 3430.101 2.411 67.971 2.084 0.019816 0.000608
2.350 3443.423 2.193 67.029 2.095 0.019466 0.000608
2.360 3459.442 2.214 62.927 1.953 0.018190 0.000565
2.370 3474.902 2.166 61.313 1.902 0.017645 0.000547
2.380 3490.098 2.363 66.613 2.030 0.019086 0.000582
2.390 3506.205 2.226 64.341 1.930 0.018351 0.000550
2.400 3519.147 2.145 62.102 1.767 0.017647 0.000502
2.410 3535.684 2.296 65.354 1.965 0.018484 0.000556
2.420 3539.778 2.540 71.003 2.337 0.020059 0.000661
2.430 3559.028 2.318 66.942 1.951 0.018809 0.000548
2.440 3581.848 2.385 67.600 2.248 0.018873 0.000628
2.450 3590.830 2.574 71.318 2.256 0.019861 0.000629
2.460 3610.614 2.453 68.755 2.248 0.019042 0.000623
2.470 3627.962 2.362 66.280 2.220 0.018269 0.000612
2.480 3637.355 2.336 66.716 2.032 0.018342 0.000559
2.490 3645.990 2.361 67.814 1.962 0.018600 0.000538
2.500 3662.698 2.639 71.988 2.514 0.019654 0.000687
2.510 3680.606 2.397 67.539 2.139 0.018350 0.000581
2.520 3697.253 2.434 68.923 2.227 0.018642 0.000602
2.530 3712.485 2.344 67.865 2.140 0.018280 0.000577
2.540 3729.934 2.330 65.915 2.131 0.017672 0.000571
2.550 3744.434 2.246 64.797 1.905 0.017305 0.000509
2.560 3752.549 2.318 66.435 1.938 0.017704 0.000517
2.570 3770.059 2.559 72.468 2.325 0.019222 0.000617
2.580 3784.840 2.403 68.292 2.170 0.018044 0.000574
2.590 3800.116 2.360 66.525 2.048 0.017506 0.000539
2.600 3816.006 2.519 70.214 2.240 0.018400 0.000587
2.610 3833.546 2.465 70.472 2.130 0.018383 0.000556
2.620 3846.240 2.568 70.725 2.368 0.018388 0.000616
2.630 3860.786 2.302 65.633 2.126 0.017000 0.000551
2.640 3876.762 2.355 67.071 2.100 0.017301 0.000542
2.650 3889.901 2.469 69.799 2.264 0.017944 0.000582
2.660 3908.695 2.500 69.957 2.249 0.017898 0.000575
2.670 3921.957 2.542 71.069 2.410 0.018121 0.000615
2.680 3932.842 2.357 66.931 2.146 0.017018 0.000546
2.690 3949.426 2.511 70.659 2.232 0.017891 0.000565
2.700 3968.002 2.499 70.740 2.155 0.017828 0.000543
2.710 3979.279 2.553 69.463 2.361 0.017456 0.000593
2.720 3995.950 2.547 70.175 2.329 0.017562 0.000583
2.730 4010.592 2.632 73.591 2.297 0.018349 0.000573
2.740 4024.987 2.375 68.141 2.133 0.016929 0.000530
2.750 4042.287 2.386 66.337 2.176 0.016411 0.000538
2.760 4053.092 2.648 74.205 2.253 0.018308 0.000556
2.770 4073.170 2.749 75.640 2.405 0.018570 0.000591
2.780 4084.200 2.816 76.817 2.489 0.018808 0.000609
2.790 4099.736 2.705 74.898 2.458 0.018269 0.000600
2.800 4110.690 2.280 65.015 2.030 0.015816 0.000494
2.810 4131.011 2.584 72.013 2.251 0.017432 0.000545
2.820 4143.028 2.433 70.215 2.218 0.016948 0.000536
2.830 4157.949 2.586 71.297 2.306 0.017147 0.000555
2.840 4177.757 2.596 72.157 2.397 0.017272 0.000574
2.850 4186.325 2.421 69.366 2.161 0.016570 0.000516
2.860 4196.753 2.674 75.864 2.350 0.018077 0.000560
2.870 4217.464 2.822 77.326 2.584 0.018335 0.000613
2.880 4235.730 2.516 71.551 2.242 0.016892 0.000529
2.890 4248.391 2.578 72.374 2.273 0.017036 0.000535
2.900 4264.030 2.742 75.850 2.491 0.017788 0.000584
2.910 4283.059 2.648 73.593 2.377 0.017182 0.000555
2.920 4292.492 2.594 73.759 2.176 0.017183 0.000507
2.930 4306.178 2.495 71.386 2.417 0.016578 0.000561
2.940 4328.514 2.639 73.910 2.348 0.017075 0.000542
2.950 4341.233 2.722 76.564 2.453 0.017636 0.000565
2.960 4347.068 2.537 71.976 2.538 0.016557 0.000584
2.970 4364.442 2.545 72.761 2.244 0.016671 0.000514
2.980 4379.038 2.591 73.291 2.434 0.016737 0.000556
2.990 4394.959 2.670 74.130 2.338 0.016867 0.000532
3.000 4418.878 2.672 74.968 2.441 0.016965 0.000553
3.010 4423.916 2.751 75.486 2.540 0.017063 0.000574
3.020 4441.366 2.580 70.463 2.667 0.015865 0.000600
3.030 4458.951 2.831 78.917 2.504 0.017698 0.000562
3.040 4469.518 2.644 73.727 2.496 0.016495 0.000559
3.050 4481.699 2.771 77.259 2.421 0.017239 0.000540
3.060 4498.121 2.554 72.057 2.591 0.016019 0.000576
3.070 4524.552 2.914 78.482 2.967 0.017346 0.000656
3.080 4530.249 2.753 76.902 2.566 0.016975 0.000567
3.090 4539.493 2.661 74.011 2.301 0.016304 0.000507
3.100 4558.814 2.609 74.223 2.260 0.016281 0.000496
3.110 4576.124 2.690 75.865 2.435 0.016578 0.000532
3.120 4590.534 2.786 77.447 2.739 0.016871 0.000597
3.130 4605.760 2.718 75.550 2.719 0.016403 0.000590
3.140 4616.694 2.801 79.250 2.364 0.017166 0.000512
3.150 4632.367 2.800 76.962 2.798 0.016614 0.000604
3.160 4649.468 2.862 79.322 2.683 0.017060 0.000577
3.170 4665.639 2.785 78.444 2.554 0.016813 0.000547
3.180 4684.199 2.608 72.513 2.647 0.015480 0.000565
3.190 4698.845 2.891 80.293 2.686 0.017088 0.000572
3.200 4712.728 2.705 77.130 2.340 0.016366 0.000497
3.210 4731.551 2.713 76.110 2.633 0.016086 0.000557
3.220 4740.131 2.930 80.435 2.748 0.016969 0.000580
3.230 4752.772 2.828 78.026 2.663 0.016417 0.000560
3.240 4772.565 2.719 76.864 2.496 0.016105 0.000523
3.250 4784.119 2.764 77.543 2.635 0.016208 0.000551
3.260 4800.007 2.609 72.904 2.432 0.015188 0.000507
3.270 4809.112 3.201 84.561 3.097 0.017583 0.000644
3.280 4825.496 2.746 78.427 2.382 0.016253 0.000494
3.290 4845.907 2.828 78.818 2.608 0.016265 0.000538
3.300 4860.910 2.725 76.804 2.351 0.015800 0.000484
3.310 4876.586 2.738 76.734 2.618 0.015735 0.000537
3.320 4888.850 2.626 73.412 2.538 0.015016 0.000519
3.330 4909.595 2.985 83.400 2.635 0.016987 0.000537
3.340 4916.951 2.812 78.706 2.563 0.016007 0.000521
3.350 4931.374 2.889 79.976 2.661 0.016218 0.000540
3.360 4953.035 3.007 82.747 2.718 0.016706 0.000549
3.370 4963.918 3.086 85.576 2.804 0.017240 0.000565
3.380 4980.123 2.738 77.293 2.628 0.015520 0.000528
3.390 4994.828 2.883 80.427 2.669 0.016102 0.000534
3.400 5003.838 2.858 79.789 2.695 0.015946 0.000539
3.410 5026.989 2.907 79.478 2.437 0.015810 0.000485
3.420 5035.998 2.801 79.530 2.498 0.015792 0.000496
3.430 5054.304 3.097 85.494 2.933 0.016915 0.000580
3.440 5072.730 2.832 78.494 2.612 0.015474 0.000515
3.450 5081.007 2.927 82.201 2.624 0.016178 0.000517
3.460 5098.114 2.999 82.569 2.816 0.016196 0.000552
3.470 5114.523 3.266 87.967 3.305 0.017199 0.000646
3.480 5130.826 3.172 87.687 2.879 0.017090 0.000561
3.490 5136.989 2.642 73.603 2.451 0.014328 0.000477
3.500 5155.907 2.971 82.397 2.857 0.015981 0.000554
3.510 5170.850 2.858 79.801 2.714 0.015433 0.000525
3.520 5185.227 3.030 83.912 2.668 0.016183 0.000515
3.530 5202.655 3.016 83.984 2.747 0.016142 0.000528
3.540 5217.245 3.102 84.194 2.826 0.016138 0.000542
3.550 5232.136 3.020 81.746 2.712 0.015624 0.000518
3.560 5253.191 2.753 76.697 2.796 0.014600 0.000532
3.570 5263.342 2.924 82.770 2.675 0.015726 0.000508
3.580 5268.758 3.029 84.096 2.725 0.015961 0.000517
3.590 5283.431 3.059 83.584 2.946 0.015820 0.000558
3.600 5304.081 3.085 86.805 2.674 0.016366 0.000504
3.610 5318.120 3.114 84.762 3.044 0.015938 0.000572
3.620 5335.291 3.221 87.141 3.059 0.016333 0.000573
3.630 5351.391 2.977 83.912 2.608 0.015680 0.000487
3.640 5373.773 3.188 87.451 3.087 0.016274 0.000575
3.650 5380.208 2.889 79.575 2.760 0.014790 0.000513
3.660 5395.434 3.131 85.803 2.966 0.015903 0.000550
3.670 5420.825 3.096 83.878 2.951 0.015473 0.000544
3.680 5430.482 3.175 85.804 2.884 0.015800 0.000531
3.690 5439.054 3.065 86.235 2.755 0.015855 0.000507
3.700 5456.602 3.257 88.656 3.038 0.016247 0.000557
3.710 5466.993 3.095 84.327 2.972 0.015425 0.000544
3.720 5487.651 3.045 84.264 2.799 0.015355 0.000510
3.730 5491.423 3.513 89.615 3.678 0.016319 0.000670
3.740 5518.417 3.073 84.181 2.989 0.015254 0.000542
3.750 5532.802 3.320 90.995 3.196 0.016447 0.000578
3.760 5547.843 3.217 90.791 2.810 0.016365 0.000507
3.770 5561.810 2.798 79.579 2.507 0.014308 0.000451
3.780 5576.097 3.028 83.694 3.219 0.015009 0.000577
3.790 5592.045 3.250 89.189 2.836 0.015949 0.000507
3.800 5609.858 3.160 86.626 2.812 0.015442 0.000501
3.810 5618.478 3.297 89.785 3.212 0.015980 0.000572
3.820 5627.362 2.783 78.956 2.754 0.014031 0.000489
3.830 5651.864 3.078 85.704 2.803 0.015164 0.000496
3.840 5667.725 3.331 91.352 3.257 0.016118 0.000575
3.850 5691.537 3.394 88.893 3.591 0.015618 0.000631
3.860 5695.718 3.384 92.940 3.112 0.016318 0.000546
3.870 5718.110 2.934 81.407 2.746 0.014237 0.000480
3.880 5726.325 3.325 88.740 3.392 0.015497 0.000592
3.890 5741.190 3.234 89.274 2.916 0.015550 0.000508
3.900 5750.734 3.207 87.752 3.013 0.015259 0.000524
3.910 5765.981 3.305 90.583 2.963 0.015710 0.000514
3.920 5788.068 2.886 80.262 2.877 0.013867 0.000497
3.930 5798.519 3.305 91.386 2.836 0.015760 0.000489
3.940 5812.227 3.022 84.451 2.838 0.014530 0.000488
3.950 5835.141 3.229 88.375 2.992 0.015145 0.000513
3.960 5851.866 3.245 88.413 3.174 0.015108 0.000542
3.970 5856.799 3.007 84.482 2.866 0.014425 0.000489
3.980 5870.059 3.546 95.118 3.452 0.016204 0.000588
3.990 5882.220 3.413 93.167 3.147 0.015839 0.000535
4.000 5903.980 3.101 87.933 2.937 0.014894 0.000498
4.010 5907.361 3.241 87.124 3.025 0.014748 0.000512
4.020 5930.181 3.716 99.604 3.555 0.016796 0.000599
4.030 5958.296 2.966 79.723 3.125 0.013380 0.000525
4.040 5957.808 3.274 88.370 3.090 0.014833 0.000519
4.050 5966.811 3.374 91.094 3.061 0.015267 0.000513
4.060 5996.359 3.321 90.286 3.078 0.015057 0.000513
4.070 6005.510 3.300 90.953 3.032 0.015145 0.000505
4.080 6028.362 3.095 83.585 3.217 0.013865 0.000534
4.090 6035.416 3.127 84.507 3.032 0.014002 0.000502
4.100 6052.017 3.345 91.972 3.054 0.015197 0.000505
4.110 6063.858 3.332 91.929 3.096 0.015160 0.000511
4.120 6075.000 3.221 90.068 3.052 0.014826 0.000502
4.130 6097.298 3.480 94.253 3.432 0.015458 0.000563
4.140 6111.205 3.272 89.891 3.089 0.014709 0.000506
4.150 6128.086 3.462 94.362 3.089 0.015398 0.000504
4.160 6140.221 3.215 89.968 3.050 0.014652 0.000497
4.170 6159.527 3.472 93.224 3.276 0.015135 0.000532
4.180 6170.711 3.443 90.332 3.322 0.014639 0.000538
4.190 6183.486 3.174 86.345 3.038 0.013964 0.000491
4.200 6201.693 3.633 96.509 3.336 0.015562 0.000538
4.210 6218.638 3.408 91.994 3.205 0.014793 0.000515
4.220 6232.522 3.126 87.029 2.901 0.013964 0.000466
4.230 6246.396 3.465 94.927 3.317 0.015197 0.000531
4.240 6264.526 3.605 97.219 3.421 0.015519 0.000546
4.250 6274.231 3.597 96.258 3.369 0.015342 0.000537
4.260 6287.869 3.239 88.579 3.209 0.014087 0.000510
4.270 6306.126 3.242 88.251 3.125 0.013994 0.000496
4.280 6318.714 3.297 91.778 3.155 0.014525 0.000499
4.290 6333.541 3.186 88.078 3.021 0.013907 0.000477
4.300 6352.002 3.488 92.102 3.300 0.014500 0.000520
4.310 6363.549 3.731 99.505 3.541 0.015637 0.000557
4.320 6376.909 3.601 95.344 3.585 0.014951 0.000562
4.330 6404.039 3.498 93.480 3.454 0.014597 0.000539
4.340 6415.130 3.771 99.030 3.768 0.015437 0.000587
4.350 6420.137 3.469 94.200 3.424 0.014673 0.000533
4.360 6439.546 3.493 96.311 3.376 0.014956 0.000524
4.370 6454.434 3.313 90.844 3.125 0.014075 0.000484
4.380 6461.275 3.315 91.405 3.294 0.014147 0.000510
4.390 6482.699 3.543 96.944 3.507 0.014954 0.000541
4.400 6490.238 3.648 100.788 3.548 0.015529 0.000547
4.410 6509.422 3.082 86.168 3.040 0.013238 0.000467
4.420 6521.133 3.360 92.258 3.399 0.014147 0.000521
4.430 6529.682 3.852 100.815 3.694 0.015439 0.000566
4.440 6560.212 3.530 96.308 3.435 0.014681 0.000524
4.450 6575.485 3.424 95.272 3.176 0.014489 0.000483
4.460 6590.182 3.491 95.882 3.302 0.014549 0.000501
4.470 6600.696 4.092 104.682 3.782 0.015859 0.000573
4.480 6618.157 3.669 98.484 3.600 0.014881 0.000544
4.490 6632.802 3.593 94.562 3.379 0.014257 0.000510
4.500 6644.692 3.659 97.431 3.647 0.014663 0.000549
4.510 6663.478 3.434 96.018 2.895 0.014410 0.000434
4.520 6680.801 3.787 100.826 3.774 0.015092 0.000565
4.530 6688.087 3.836 101.296 3.655 0.015146 0.000547
4.540 6709.946 3.314 92.891 3.375 0.013844 0.000503
4.550 6723.441 3.330 91.551 3.316 0.013617 0.000493
4.560 6727.842 3.667 99.484 3.321 0.014787 0.000494
4.570 6753.435 3.630 97.731 3.686 0.014471 0.000546
4.580 6764.417 3.540 97.397 3.345 0.014398 0.000495
4.590 6782.790 3.964 104.505 3.806 0.015407 0.000561
4.600 6798.383 3.634 98.602 3.651 0.014504 0.000537
4.610 6806.190 3.611 95.755 3.654 0.014069 0.000537
4.620 6827.226 3.818 97.712 4.007 0.014312 0.000587
4.630 6844.891 3.313 91.812 3.124 0.013413 0.000456
4.640 6858.115 3.984 105.925 3.979 0.015445 0.000580
4.650 6875.468 3.769 98.683 3.668 0.014353 0.000534
4.660 6886.236 3.943 106.933 3.605 0.015529 0.000524
4.670 6900.782 3.391 94.022 3.278 0.013625 0.000475
4.680 6924.111 3.419 92.681 3.315 0.013385 0.000479
4.690 6934.693 3.573 99.224 3.358 0.014308 0.000484
4.700 6945.729 3.708 100.622 3.398 0.014487 0.000489
4.710 6952.398 3.627 96.876 3.651 0.013934 0.000525
4.720 6975.440 3.652 99.326 3.824 0.014239 0.000548
4.730 6995.172 3.817 103.150 3.981 0.014746 0.000569
4.740 7003.692 3.927 104.595 3.880 0.014934 0.000554
4.750 7015.327 3.582 98.871 3.319 0.014094 0.000473
4.760 7043.197 3.605 97.354 3.569 0.013822 0.000507
4.770 7048.015 3.510 98.179 3.283 0.013930 0.000466
4.780 7070.052 3.676 97.815 3.850 0.013835 0.000545
4.790 7076.429 3.607 95.113 3.866 0.013441 0.000546
4.800 7096.714 3.759 102.222 3.846 0.014404 0.000542
4.810 7105.747 3.523 97.038 3.425 0.013656 0.000482
4.820 7123.119 3.588 99.604 3.527 0.013983 0.000495
4.830 7136.677 3.589 97.239 3.681 0.013625 0.000516
4.840 7155.762 4.010 108.243 3.872 0.015127 0.000541
4.850 7171.260 3.880 104.129 3.808 0.014520 0.000531
4.860 7180.911 4.096 107.801 3.696 0.015012 0.000515
4.870 7191.580 3.629 98.807 3.600 0.013739 0.000501
4.880 7225.335 3.763 102.286 4.061 0.014157 0.000562
4.890 7226.104 3.610 98.361 3.913 0.013612 0.000542
4.900 7249.490 4.000 103.844 3.842 0.014324 0.000530
4.910 7260.130 3.653 98.228 3.641 0.013530 0.000501
4.920 7285.494 4.110 108.973 4.126 0.014958 0.000566
4.930 7295.840 3.552 95.907 3.683 0.013145 0.000505
4.940 7303.609 3.783 102.081 3.582 0.013977 0.000490
4.950 7312.255 3.601 97.151 3.711 0.013286 0.000508
4.960 7327.558 3.801 103.298 3.488 0.014097 0.000476
4.970 7344.372 3.890 102.054 4.119 0.013896 0.000561
4.980 7363.704 3.823 104.032 3.742 0.014128 0.000508
4.990 7369.992 3.607 98.470 3.534 0.013361 0.000480
5.000 7398.431 4.338 108.806 4.301 0.014707 0.000581
5.010 7411.622 3.996 105.486 4.355 0.014233 0.000588
5.020 7422.484 3.507 97.518 3.182 0.013138 0.000429
5.030 7435.538 3.643 100.346 3.562 0.013495 0.000479
5.040 7445.450 4.085 104.735 4.124 0.014067 0.000554
5.050 7470.833 3.827 102.814 3.925 0.013762 0.000525
5.060 7480.710 4.148 108.588 4.316 0.014516 0.000577
5.070 7503.460 3.803 100.571 4.466 0.013403 0.000595
5.080 7506.792 4.132 110.345 3.893 0.014699 0.000519
5.090 7518.595 4.255 111.780 4.249 0.014867 0.000565
5.100 7542.620 3.917 106.158 3.835 0.014074 0.000509
5.110 7546.631 3.948 106.002 4.026 0.014046 0.000534
5.120 7569.433 3.943 104.371 3.860 0.013788 0.000510
5.130 7583.288 4.382 113.950 4.320 0.015026 0.000570
5.140 7597.763 3.961 106.940 4.229 0.014075 0.000557
5.150 7616.512 4.139 110.637 3.968 0.014526 0.000521
5.160 7626.277 4.028 107.685 3.947 0.014120 0.000518
5.170 7650.065 3.412 94.078 3.256 0.012298 0.000426
5.180 7661.336 4.067 109.649 3.888 0.014312 0.000508
5.190 7682.343 4.137 110.238 4.329 0.014350 0.000564
5.200 7684.143 3.706 100.220 3.739 0.013042 0.000487
5.210 7704.582 3.436 94.553 3.315 0.012272 0.000430
5.220 7712.228 3.867 103.844 4.049 0.013465 0.000525
5.230 7729.931 3.744 102.063 3.604 0.013204 0.000466
5.240 7744.411 4.112 106.889 4.500 0.013802 0.000581
5.250 7759.713 4.023 109.874 3.894 0.014159 0.000502
5.260 7781.170 4.254 113.563 4.274 0.014595 0.000549
5.270 7793.384 3.633 98.015 3.642 0.012577 0.000467
5.280 7805.955 4.072 109.243 3.969 0.013995 0.000509
5.290 7816.532 3.876 103.842 4.028 0.013285 0.000515
5.300 7836.506 4.274 113.118 4.384 0.014435 0.000559
5.310 7853.723 4.455 116.306 4.246 0.014809 0.000541
5.320 7866.077 4.016 106.087 3.865 0.013487 0.000491
5.330 7880.214 3.509 97.035 3.336 0.012314 0.000423
5.340 7900.551 4.184 111.234 4.387 0.014079 0.000555
5.350 7918.879 4.110 107.216 3.974 0.013539 0.000502
5.360 7929.703 4.416 113.098 4.545 0.014263 0.000573
5.370 7939.792 3.976 107.603 3.988 0.013552 0.000502
5.380 7956.519 4.020 105.310 3.984 0.013236 0.000501
5.390 7959.692 4.307 113.315 4.022 0.014236 0.000505
5.400 7981.188 4.335 112.257 4.430 0.014065 0.000555
5.410 8004.654 3.987 108.172 3.919 0.013514 0.000490
5.420 8023.844 4.427 114.822 4.595 0.014310 0.000573
5.430 8041.003 4.104 107.882 4.171 0.013417 0.000519
5.440 8034.112 4.359 113.325 4.502 0.014105 0.000560
5.450 8062.273 4.263 110.891 4.430 0.013754 0.000550
5.460 8074.864 4.327 112.928 4.284 0.013985 0.000531
5.470 8093.782 4.340 115.068 4.599 0.014217 0.000568
5.480 8096.976 4.225 111.143 4.202 0.013726 0.000519
5.490 8123.676 4.170 108.918 4.371 0.013407 0.000538
5.500 8140.828 4.267 113.432 4.214 0.013934 0.000518
5.510 8141.202 4.005 107.129 4.045 0.013159 0.000497
5.520 8167.672 4.342 112.656 4.585 0.013793 0.000561
5.530 8178.416 3.885 107.197 3.937 0.013107 0.000481
5.540 8190.572 3.959 108.542 3.807 0.013252 0.000465
5.550 8205.876 4.882 124.506 4.929 0.015173 0.000601
5.560 8224.222 3.989 107.131 4.070 0.013026 0.000495
5.570 8240.375 3.668 101.611 3.800 0.012331 0.000461
5.580 8251.742 3.935 106.246 4.051 0.012876 0.000491
5.590 8263.980 3.724 102.645 3.592 0.012421 0.000435
5.600 8286.458 4.100 111.300 4.069 0.013432 0.000491
5.610 8300.688 3.659 99.801 3.664 0.012023 0.000441
5.620 8324.714 4.384 113.264 4.674 0.013606 0.000562
5.630 8327.383 4.373 115.515 4.270 0.013872 0.000513
5.640 8344.281 4.197 110.319 4.663 0.013221 0.000559
5.650 8366.668 4.038 107.796 3.920 0.012884 0.000469
5.660 8383.740 4.499 117.102 4.506 0.013968 0.000538
5.670 8382.758 4.379 116.579 4.281 0.013907 0.000511
5.680 8400.253 4.024 108.039 4.014 0.012861 0.000478
5.690 8428.538 4.513 116.490 4.924 0.013821 0.000584
5.700 8426.895 4.131 110.731 4.438 0.013140 0.000527
5.710 8455.937 4.345 114.663 4.648 0.013560 0.000550
5.720 8452.801 4.551 120.612 4.622 0.014269 0.000547
5.730 8478.327 4.254 111.118 4.240 0.013106 0.000500
5.740 8498.059 4.079 108.356 4.189 0.012751 0.000493
5.750 8497.564 4.686 119.849 4.594 0.014104 0.000541
5.760 8529.323 4.111 108.146 4.391 0.012679 0.000515
5.770 8539.903 4.068 109.089 4.074 0.012774 0.000477
5.780 8556.677 4.482 115.918 5.001 0.013547 0.000584
5.790 8564.552 4.270 114.725 4.412 0.013395 0.000515
5.800 8587.923 4.273 112.151 4.320 0.013059 0.000503
5.810 8595.633 4.517 119.466 4.403 0.013898 0.000512
5.820 8624.090 4.204 109.673 4.398 0.012717 0.000510
5.830 8633.596 4.142 108.307 4.420 0.012545 0.000512
5.840 8647.715 4.702 121.637 4.851 0.014066 0.000561
5.850 8660.199 4.492 117.453 4.848 0.013562 0.000560
5.860 8672.552 4.232 112.463 4.267 0.012968 0.000492
5.870 8685.732 4.582 120.691 5.015 0.013895 0.000577
5.880 8704.425 4.302 111.934 4.852 0.012859 0.000557
5.890 8716.877 4.194 111.517 4.198 0.012793 0.000482
5.900 8719.688 3.945 106.315 4.286 0.012193 0.000492
5.910 8749.209 4.413 117.686 4.331 0.013451 0.000495
5.920 8759.869 4.702 119.759 4.702 0.013671 0.000537
5.930 8774.043 4.690 119.412 5.153 0.013610 0.000587
5.940 8798.377 4.244 112.374 4.544 0.012772 0.000517
5.950 8807.553 4.471 119.302 4.425 0.013545 0.000502
5.960 8812.869 4.263 111.436 4.558 0.012645 0.000517
5.970 8845.378 4.326 112.570 5.072 0.012726 0.000573
5.980 8855.895 4.184 110.892 4.512 0.012522 0.000509
5.990 8874.493 4.103 108.892 4.180 0.012270 0.000471
6.000 8878.895 4.014 109.888 4.394 0.012376 0.000495
6.010 8898.338 4.770 120.989 4.870 0.013597 0.000547
6.020 8911.393 4.234 115.055 4.132 0.012911 0.000464
6.030 8935.836 4.208 113.665 4.386 0.012720 0.000491
6.040 8939.992 4.078 110.169 4.185 0.012323 0.000468
6.050 8949.645 4.097 109.003 4.406 0.012180 0.000492
6.060 8968.175 4.700 120.929 5.129 0.013484 0.000572
6.070 8984.021 4.414 116.378 4.139 0.012954 0.000461
6.080 9000.983 4.154 112.379 3.999 0.012485 0.000444
6.090 9013.511 4.700 121.656 4.790 0.013497 0.000531
6.100 9029.667 4.404 116.432 4.479 0.012894 0.000496
6.110 9040.025 4.582 120.474 4.743 0.013327 0.000525
6.120 9058.602 4.772 122.105 4.966 0.013479 0.000548
6.130 9072.010 4.534 117.881 4.928 0.012994 0.000543
6.140 9077.147 4.838 124.949 4.961 0.013765 0.000547
6.150 9096.056 4.610 120.369 4.500 0.013233 0.000495
6.160 9114.351 4.289 112.916 4.417 0.012389 0.000485
6.170 9133.775 4.751 123.215 4.402 0.013490 0.000482
6.180 9145.788 4.098 110.903 4.235 0.012126 0.000463
6.190 9169.839 4.542 120.256 4.522 0.013114 0.000493
6.200 9170.780 4.919 128.451 5.022 0.014007 0.000548
6.210 9192.379 4.683 119.980 5.162 0.013052 0.000562
6.220 9211.123 4.679 122.092 5.134 0.013255 0.000557
6.230 9226.453 4.429 117.409 4.393 0.012725 0.000476
6.240 9245.640 4.060 107.500 4.157 0.011627 0.000450
6.250 9254.959 4.749 123.576 5.023 0.013352 0.000543
6.260 9271.382 4.565 119.957 4.530 0.012938 0.000489
6.270 9282.208 4.727 124.092 4.910 0.013369 0.000529
6.280 9293.818 4.215 112.962 4.399 0.012155 0.000473
6.290 9314.126 4.858 124.003 4.770 0.013313 0.000512
6.300 9326.190 4.383 114.760 4.598 0.012305 0.000493
6.310 9349.999 4.499 119.391 4.537 0.012769 0.000485
6.320 9372.115 4.292 113.380 4.390 0.012098 0.000468
6.330 9369.281 4.813 127.063 4.709 0.013562 0.000503
6.340 9387.213 4.554 119.631 4.560 0.012744 0.000486
6.350 9399.371 4.819 126.325 4.830 0.013440 0.000514
6.360 9426.720 4.337 114.073 4.502 0.012101 0.000478
6.370 9437.117 4.498 120.644 4.534 0.012784 0.000481
6.380 9444.568 4.701 121.011 4.747 0.012813 0.000503
6.390 9455.539 4.412 119.175 4.511 0.012604 0.000477
6.400 9474.100 4.242 113.441 4.528 0.011974 0.000478
6.410 9488.961 4.812 124.743 5.114 0.013146 0.000539
6.420 9497.713 5.715 135.706 6.420 0.014288 0.000676
6.430 9522.395 5.250 135.245 5.343 0.014203 0.000561
6.440 9539.940 4.873 126.756 4.967 0.013287 0.000521
6.450 9554.826 4.179 113.760 4.394 0.011906 0.000460
6.460 9563.171 4.681 122.208 5.303 0.012779 0.000555
6.470 9580.178 4.306 114.613 4.677 0.011964 0.000488
6.480 9594.736 4.896 129.485 4.756 0.013495 0.000496
6.490 9602.576 4.760 126.033 4.726 0.013125 0.000492
6.500 9625.166 4.320 115.572 4.267 0.012007 0.000443
6.510 9644.240 4.901 126.737 5.042 0.013141 0.000523
6.520 9647.620 5.310 131.046 5.244 0.013583 0.000544
6.530 9673.541 4.801 126.154 4.854 0.013041 0.000502
6.540 9691.051 4.147 112.450 4.090 0.011603 0.000422
6.550 9689.141 5.075 127.305 6.340 0.013139 0.000654
6.560 9709.189 4.871 127.943 4.612 0.013177 0.000475
6.570 9728.065 4.738 121.156 4.789 0.012454 0.000492
6.580 9739.570 4.869 124.313 5.472 0.012764 0.000562
6.590 9758.972 4.957 128.828 5.238 0.013201 0.000537
6.600 9777.592 4.060 110.093 4.140 0.011260 0.000423
6.610 9784.560 4.326 115.829 4.806 0.011838 0.000491
6.620 9799.959 4.946 128.572 4.977 0.013120 0.000508
6.630 9828.043 4.768 123.616 4.836 0.012578 0.000492
6.640 9823.304 4.596 123.294 4.776 0.012551 0.000486
6.650 9849.972 5.013 129.467 5.050 0.013144 0.000513
6.660 9864.887 5.051 129.661 5.384 0.013144 0.000546
6.670 9884.587 5.008 127.787 5.293 0.012928 0.000536
6.680 9886.805 4.583 122.204 4.930 0.012360 0.000499
6.690 9914.059 4.773 123.707 4.904 0.012478 0.000495
6.700 9913.575 4.705 122.599 5.287 0.012367 0.000533
6.710 9928.859 4.874 127.614 5.148 0.012853 0.000519
6.720 9949.440 4.714 123.359 5.032 0.012399 0.000506
6.730 9965.649 4.746 121.442 5.641 0.012186 0.000566
6.740 9989.645 4.828 124.994 5.424 0.012512 0.000543
6.750 9995.954 4.535 119.816 4.811 0.011986 0.000481
6.760 10003.719 4.773 124.383 4.912 0.012434 0.000491
6.770 10028.419 4.831 123.627 5.348 0.012328 0.000533
6.780 10042.938 4.764 122.883 5.278 0.012236 0.000526
6.790 10048.094 5.571 138.786 5.823 0.013812 0.000580
6.800 10071.455 4.655 124.871 4.812 0.012399 0.000478
6.810 10080.289 4.688 120.760 4.945 0.011980 0.000491
6.820 10095.166 5.030 130.859 5.142 0.012963 0.000509
6.830 10108.832 5.156 130.789 5.102 0.012938 0.000505
6.840 10122.581 4.956 130.838 5.146 0.012925 0.000508
6.850 10147.433 4.797 123.457 4.889 0.012166 0.000482
6.860 10166.122 4.727 122.438 4.885 0.012044 0.000481
6.870 10163.607 4.927 126.846 5.031 0.012480 0.000495
6.880 10200.301 5.043 132.480 5.350 0.012988 0.000524
6.890 10210.083 4.503 117.858 4.923 0.011543 0.000482
6.900 10220.124 5.561 139.101 5.858 0.013611 0.000573
6.910 10241.711 5.454 138.717 5.774 0.013544 0.000564
6.920 10249.549 4.533 119.342 4.787 0.011644 0.000467
6.930 10271.907 4.497 117.529 4.921 0.011442 0.000479
6.940 10282.239 5.374 139.155 5.257 0.013533 0.000511
6.950 10296.456 5.031 130.254 5.635 0.012650 0.000547
6.960 10319.944 4.689 120.324 5.056 0.011659 0.000490
6.970 10332.238 5.082 133.139 5.503 0.012886 0.000533
6.980 10339.722 4.941 130.417 5.371 0.012613 0.000519
6.990 10351.924 4.521 121.126 4.512 0.011701 0.000436
7.000 10362.399 5.173 133.206 5.014 0.012855 0.000484
7.010 10379.404 4.827 126.830 5.259 0.012219 0.000507
7.020 10395.536 4.896 127.512 5.101 0.012266 0.000491
7.030 10415.639 4.936 128.346 5.073 0.012322 0.000487
7.040 10438.572 4.846 126.051 5.254 0.012075 0.000503
7.050 10437.400 4.507 123.417 4.532 0.011824 0.000434
7.060 10462.300 4.747 126.130 4.993 0.012056 0.000477
7.070 10479.022 4.884 125.133 5.328 0.011941 0.000508
7.080 10494.654 5.508 130.847 6.781 0.012468 0.000646
7.090 10500.389 5.410 135.190 6.167 0.012875 0.000587
7.100 10520.758 5.089 128.283 5.821 0.012193 0.000553
7.110 10525.634 4.827 129.419 5.232 0.012296 0.000497
7.120 10556.396 5.004 131.771 5.134 0.012483 0.000486
7.130 10571.089 5.215 134.527 5.536 0.012726 0.000524
7.140 10588.899 4.404 120.256 4.612 0.011357 0.000436
7.150 10581.410 4.943 127.338 5.491 0.012034 0.000519
7.160 10605.641 5.191 134.314 5.420 0.012664 0.000511
7.170 10609.722 4.189 127.376 4.897 0.012006 0.000462
7.180 10632.617 5.143 131.649 5.826 0.012382 0.000548
7.190 10653.148 5.318 134.650 5.796 0.012639 0.000544
7.200 10667.762 5.124 132.046 4.958 0.012378 0.000465
7.210 10677.431 4.904 126.271 5.241 0.011826 0.000491
7.220 10699.687 5.098 134.724 5.372 0.012591 0.000502
7.230 10711.261 5.823 142.965 6.128 0.013347 0.000572
7.240 10738.267 4.943 124.907 5.418 0.011632 0.000505
7.250 10736.351 5.208 133.192 5.440 0.012406 0.000507
7.260 10756.234 5.510 138.926 5.659 0.012916 0.000526
7.270 10764.833 5.141 136.622 5.406 0.012691 0.000502
7.280 10792.067 5.077 132.089 5.216 0.012239 0.000483
7.290 10800.454 5.088 132.808 5.223 0.012296 0.000484
7.300 10819.190 5.555 141.713 5.660 0.013098 0.000523
7.310 10823.650 5.036 134.022 5.200 0.012382 0.000480
7.320 10844.366 5.527 141.115 5.737 0.013013 0.000529
7.330 10856.852 5.363 139.646 5.308 0.012862 0.000489
7.340 10874.204 4.689 122.843 5.833 0.011297 0.000536
7.350 10880.657 5.238 135.435 5.314 0.012447 0.000488
7.360 10912.949 5.396 136.472 5.958 0.012506 0.000546
7.370 10921.546 5.396 135.128 6.256 0.012373 0.000573
7.380 10942.037 4.717 124.952 4.969 0.011419 0.000454
7.390 10953.149 4.865 128.472 5.115 0.011729 0.000467
7.400 10958.067 5.200 134.798 5.441 0.012301 0.000497
7.410 10978.695 5.118 132.928 5.230 0.012108 0.000476
7.420 10990.398 6.109 149.799 6.704 0.013630 0.000610
7.430 11005.065 5.540 140.844 5.793 0.012798 0.000526
7.440 11018.518 4.972 130.789 5.269 0.011870 0.000478
7.450 11042.568 4.803 127.880 4.639 0.011581 0.000420
7.460 11056.736 5.505 138.614 6.091 0.012537 0.000551
7.470 11071.583 5.706 143.265 6.019 0.012940 0.000544
7.480 11074.847 4.939 128.601 5.044 0.011612 0.000456
7.490 11097.535 5.318 134.650 5.423 0.012133 0.000489
7.500 11108.035 4.943 129.628 5.451 0.011670 0.000491
7.510 11128.830 4.974 133.294 5.166 0.011977 0.000464
7.520 11144.972 5.655 144.789 5.726 0.012991 0.000514
7.530 11158.973 5.692 139.030 5.921 0.012459 0.000531
7.540 11168.395 5.349 137.107 5.550 0.012276 0.000497
7.550 11192.145 5.032 134.232 5.055 0.011993 0.000452
7.560 11201.777 5.301 138.472 5.140 0.012362 0.000459
7.570 11215.255 5.390 138.818 5.444 0.012378 0.000485
7.580 11233.075 5.396 140.256 5.286 0.012486 0.000471
7.590 11247.928 5.375 136.939 5.573 0.012175 0.000496
7.600 11265.381 5.721 144.547 6.265 0.012831 0.000556
7.610 11285.649 5.025 130.148 5.629 0.011532 0.000499
7.620 11298.791 5.722 142.906 5.689 0.012648 0.000504
7.630 11304.578 5.701 145.928 5.882 0.012909 0.000520
7.640 11323.693 5.845 144.318 6.730 0.012745 0.000594
7.650 11342.229 5.789 141.965 6.847 0.012517 0.000604
7.660 11345.624 5.053 129.695 5.861 0.011431 0.000517
7.670 11374.813 5.486 136.672 6.000 0.012015 0.000528
7.680 11381.933 5.599 141.775 5.743 0.012456 0.000505
7.690 11383.739 5.529 141.434 6.180 0.012424 0.000543
7.700 11422.467 5.315 130.559 5.773 0.011430 0.000505
7.710 11419.900 5.490 141.507 5.362 0.012391 0.000470
7.720 11442.686 5.215 133.905 5.434 0.011702 0.000475
7.730 11477.806 5.278 136.463 5.614 0.011889 0.000489
7.740 11463.288 5.725 144.489 5.840 0.012605 0.000510
7.750 11498.016 4.748 126.729 5.044 0.011022 0.000439
7.760 11503.170 5.393 138.466 5.684 0.012037 0.000494
7.770 11508.642 5.039 132.094 5.946 0.011478 0.000517
7.780 11520.054 5.391 141.250 5.738 0.012261 0.000498
7.790 11545.480 5.878 145.985 6.212 0.012644 0.000538
7.800 11556.946 5.681 143.832 6.239 0.012445 0.000540
7.810 11567.534 5.179 132.825 5.512 0.011483 0.000476
7.820 11591.807 4.969 130.093 5.818 0.011223 0.000502
7.830 11609.202 5.528 135.631 6.152 0.011683 0.000530
7.840 11618.200 6.146 147.346 6.937 0.012682 0.000597
7.850 11634.273 5.361 140.381 5.600 0.012066 0.000481
7.860 11641.990 5.700 146.390 6.060 0.012574 0.000521
7.870 11659.374 6.102 145.951 6.698 0.012518 0.000575
7.880 11678.973 4.857 131.323 5.096 0.011244 0.000436
7.890 11695.256 5.599 144.902 5.945 0.012390 0.000508
7.900 11717.202 5.454 133.985 6.321 0.011435 0.000539
7.910 11724.961 5.414 136.225 6.125 0.011618 0.000522
7.920 11744.993 5.618 137.971 6.764 0.011747 0.000576
7.930 11746.667 5.766 143.660 6.291 0.012230 0.000536
7.940 11770.348 5.484 138.717 5.869 0.011785 0.000499
7.950 11775.315 5.680 144.222 6.575 0.012248 0.000558
7.960 11810.946 5.237 134.721 5.873 0.011406 0.000497
7.970 11810.634 6.456 155.778 6.935 0.013190 0.000587
7.980 11833.776 5.308 136.677 5.426 0.011550 0.000459
7.990 11838.187 5.331 136.970 5.817 0.011570 0.000491
