0.000 0.000
0.001 0.613
0.002 1.419
0.003 2.460
0.004 3.398
0.005 4.392
0.006 5.746
0.007 6.758
0.008 8.018
0.009 9.139
0.010 10.456
0.011 11.633
0.012 12.897
0.013 14.100
0.014 15.615
0.015 16.571
0.016 18.023
0.017 19.239
0.018 20.139
0.019 21.724
0.020 23.061
0.021 24.253
0.022 25.702
0.023 26.997
0.024 28.323
0.025 29.956
0.026 31.239
0.027 32.545
0.028 33.573
0.029 35.101
0.030 36.531
0.031 37.961
0.032 39.652
0.033 40.332
0.034 42.059
0.035 43.524
0.036 44.550
0.037 46.125
0.038 47.060
0.039 49.607
0.040 50.350
0.041 51.526
0.042 52.717
0.043 54.014
0.044 55.978
0.045 57.063
0.046 58.160
0.047 60.130
0.048 61.009
0.049 62.508
0.050 63.658
0.100 132.612
0.150 204.339
0.200 274.576
0.250 348.273
0.300 421.214
0.350 494.637
0.400 566.027
0.450 639.269
0.500 712.195
0.550 784.762
0.600 857.181
0.650 930.209
0.700 1005.733
0.750 1078.747
0.800 1151.198
0.850 1225.523
0.900 1294.753
0.950 1368.371
1.000 1443.398
1.050 1516.220
1.100 1587.833
1.150 1659.509
1.200 1734.284
1.250 1808.184
1.300 1881.038
1.350 1954.123
1.400 2028.142
1.450 2098.471
1.500 2175.029
1.550 2246.112
1.600 2318.299
1.650 2393.311
1.700 2465.950
1.750 2536.748
1.800 2611.919
1.850 2683.432
1.900 2755.055
1.950 2828.030
2.000 2902.217
2.050 2976.123
2.100 3049.475
2.150 3120.446
2.200 3198.599
2.250 3267.898
2.300 3341.268
2.350 3412.331
2.400 3489.597
2.450 3562.499
2.500 3629.298
2.550 3705.067
2.600 3779.117
2.650 3852.546
2.700 3927.642
2.750 3998.672
2.800 4071.437
2.850 4144.570
2.900 4215.634
2.950 4291.103
3.000 4359.101
3.050 4434.642
3.100 4507.870
3.150 4581.600
3.200 4658.142
3.250 4725.935
3.300 4800.481
3.350 4873.777
3.400 4949.154
3.450 5023.761
3.500 5092.815
3.550 5164.024
3.600 5235.149
3.650 5311.541
3.700 5385.950
3.750 5459.899
3.800 5529.623
3.850 5604.127
3.900 5674.131
3.950 5747.616
4.000 5824.835
4.050 5898.325
4.100 5971.046
4.150 6038.866
4.200 6114.471
4.250 6186.234
4.300 6262.315
4.350 6327.155
4.400 6400.971
4.450 6477.350
4.500 6552.214
4.550 6623.454
4.600 6699.583
4.650 6770.892
4.700 6842.456
4.750 6920.337
4.800 6989.588
4.850 7062.405
4.900 7135.311
4.950 7205.191
5.000 7282.016
5.050 7353.279
5.100 7428.927
5.150 7496.903
5.200 7568.985
5.250 7643.077
5.300 7717.290
5.350 7791.440
5.400 7865.858
5.450 7937.733
5.500 8008.493
5.550 8079.935
5.600 8158.256
5.650 8230.615
5.700 8301.749
5.750 8371.365
5.800 8445.947
5.850 8520.759
5.900 8601.192
5.950 8668.198
6.000 8738.597
6.050 8809.953
6.100 8882.909
6.150 8951.404
6.200 9033.428
6.250 9099.793
6.300 9176.678
6.350 9255.902
6.400 9328.080
6.450 9395.402
6.500 9469.850
6.550 9545.989
6.600 9622.954
6.650 9688.832
6.700 9758.437
6.750 9827.819
6.800 9910.050
6.850 9981.389
6.900 10048.248
6.950 10121.190
7.000 10200.955
7.050 10271.840
7.100 10338.275
7.150 10416.371
7.200 10489.288
7.250 10561.701
7.300 10639.760
7.350 10712.346
7.400 10782.944
7.450 10857.985
7.500 10924.547
7.550 11001.318
7.600 11073.372
7.650 11150.197
7.700 11220.067
7.750 11291.914
7.800 11365.126
7.850 11432.817
7.900 11505.728
7.950 11581.826
8.000 11654.631
8.050 11727.652
8.100 11809.065
8.150 11873.939
8.200 11949.174
8.250 12015.111
8.300 12091.025
8.350 12172.970
8.400 12243.992
8.450 12308.113
8.500 12386.075
8.550 12454.818
8.600 12525.468
8.650 12604.652
8.700 12676.193
8.750 12747.328
8.800 12827.233
8.850 12894.828
8.900 12963.522
8.950 13041.425
9.000 13115.516
9.050 13183.852
9.100 13261.721
9.150 13329.390
9.200 13410.870
9.250 13476.065
9.300 13557.555
9.350 13628.959
9.400 13697.860
9.450 13774.286
9.500 13851.431
9.550 13916.546
9.600 13993.213
9.650 14063.273
9.700 14137.240
9.750 14209.113
9.800 14284.358
9.850 14358.498
9.900 14424.219
9.950 14502.718
10.000 14576.464
10.050 14646.252
10.100 14720.374
10.150 14801.513
10.200 14857.500
10.250 14936.081
10.300 15002.935
10.350 15086.175
10.400 15160.283
10.450 15236.027
10.500 15297.246
10.550 15372.333
10.600 15448.465
10.650 15523.065
10.700 15588.338
10.750 15671.473
10.800 15739.312
10.850 15817.219
10.900 15880.202
10.950 15964.791
11.000 16023.898
11.050 16105.354
11.100 16179.140
11.150 16254.023
11.200 16321.396
11.250 16386.460
11.300 16459.940
11.350 16537.862
11.400 16616.729
11.450 16689.885
11.500 16763.504
11.550 16829.127
11.600 16903.158
11.650 16975.030
11.700 17054.037
11.750 17126.679
11.800 17185.750
11.850 17277.920
11.900 17349.325
11.950 17409.015
12.000 17485.053
12.050 17556.889
12.100 17632.522
12.150 17709.248
12.200 17779.415
12.250 17850.512
12.300 17927.753
12.350 17994.436
12.400 18075.143
12.450 18143.163
12.500 18220.042
12.550 18293.114
12.600 18359.362
12.650 18431.074
12.700 18514.174
12.750 18580.452
12.800 18653.484
12.850 18737.839
12.900 18798.279
12.950 18875.970
13.000 18947.715
13.050 19014.029
13.100 19087.421
13.150 19162.864
13.200 19241.956
13.250 19305.408
13.300 19384.857
13.350 19461.538
13.400 19526.539
13.450 19605.376
13.500 19667.024
13.550 19746.972
13.600 19821.551
13.650 19900.273
13.700 19964.146
13.750 20042.410
13.800 20109.386
13.850 20187.568
13.900 20262.506
13.950 20334.148
14.000 20395.145
14.050 20479.449
14.100 20545.927
14.150 20611.698
14.200 20705.358
14.250 20775.364
14.300 20836.159
14.350 20920.170
14.400 20985.440
14.450 21065.637
14.500 21135.365
14.550 21210.959
14.650 21353.161
14.700 21426.654
14.750 21499.151
14.800 21571.787
14.850 21648.271
14.900 21717.806
14.950 21787.918
15.000 21859.958
15.050 21922.650
15.100 22011.618
15.150 22072.937
15.200 22150.083
15.250 22219.500
15.300 22297.859
15.350 22369.025
15.400 22445.555
15.450 22519.910
15.500 22586.969
15.550 22659.133
15.600 22737.231
15.650 22816.245
15.700 22881.254
15.750 22961.947
15.800 23027.166
15.850 23102.132
15.900 23178.001
15.950 23243.434
16.000 23323.371
