10 0.0100001 0.00777638
20 0.0200003 0.0171581
30 0.0300003 0.0267881
40 0.0400005 0.0365067
50 0.0499995 0.0462773
60 0.0600005 0.0560777
70 0.0699997 0.0659101
80 0.0800011 0.074957
90 0.089999 0.0846266
100 0.099999 0.0944604
110 0.11 0.10424
120 0.120001 0.114164
130 0.129999 0.124014
140 0.139999 0.133572
150 0.15 0.143232
160 0.160002 0.152973
170 0.169999 0.162833
180 0.179998 0.172734
190 0.190001 0.182482
200 0.2 0.192326
210 0.210008 0.201954
220 0.219985 0.211748
230 0.229991 0.221583
240 0.239993 0.231359
250 0.25 0.241238
260 0.260007 0.251079
270 0.27001 0.260824
280 0.280018 0.270675
290 0.290005 0.280493
300 0.30001 0.2903
310 0.310018 0.300141
320 0.319985 0.309969
330 0.329987 0.3198
340 0.339994 0.329681
350 0.349984 0.339469
360 0.359988 0.349313
370 0.369996 0.35914
380 0.380004 0.368957
390 0.390013 0.378789
400 0.400017 0.388657
410 0.410011 0.398518
420 0.420017 0.408345
430 0.430019 0.418178
440 0.43997 0.428026
450 0.449977 0.437836
460 0.459983 0.447705
470 0.469977 0.457555
480 0.479986 0.467329
490 0.489992 0.477189
500 0.5 0.487055
510 0.510009 0.496894
520 0.520015 0.506705
530 0.530023 0.516542
540 0.540021 0.526416
550 0.550027 0.536295
560 0.560036 0.546096
570 0.570002 0.556012
580 0.580009 0.565855
590 0.590019 0.57565
600 0.600019 0.585568
610 0.610027 0.595376
620 0.620037 0.605203
630 0.629962 0.615057
640 0.639969 0.624848
650 0.649975 0.634699
660 0.659974 0.644571
670 0.669981 0.654469
680 0.679987 0.664257
690 0.689959 0.674135
700 0.699968 0.683986
710 0.709975 0.693905
720 0.719975 0.703656
730 0.729984 0.713509
740 0.739991 0.723415
750 0.75 0.733229
760 0.760009 0.743094
770 0.770016 0.75295
780 0.780025 0.762783
790 0.790026 0.77264
800 0.800034 0.782445
810 0.810043 0.792357
820 0.820022 0.802282
830 0.83003 0.812061
840 0.840033 0.821845
850 0.850042 0.831785
860 0.860039 0.841696
870 0.87006 0.851517
880 0.879939 0.861337
890 0.889967 0.871204
900 0.899955 0.881043
910 0.909981 0.890985
920 0.919965 0.90082
930 0.930001 0.91057
940 0.939955 0.920292
950 0.949997 0.930221
960 0.959971 0.940231
970 0.970012 0.95005
980 0.979983 0.959799
990 0.990033 0.969669
1000 1 0.979613
1010 1.00996 0.989418
1020 1.02002 0.999236
1030 1.02998 1.00911
1040 1.04003 1.01892
1050 1.04998 1.02871
1060 1.06005 1.03874
1070 1.06998 1.04846
1080 1.08004 1.0584
1090 1.08999 1.06823
1100 1.10005 1.0781
1110 1.11 1.08792
1120 1.12007 1.09776
1130 1.12993 1.10759
1140 1.14 1.11752
1150 1.14994 1.1274
1160 1.16002 1.13714
1170 1.16996 1.14706
1180 1.18004 1.15694
1190 1.18995 1.16686
1200 1.20004 1.17656
1210 1.20997 1.18653
1220 1.22005 1.1965
1230 1.22998 1.20624
1240 1.24007 1.21604
1250 1.25 1.22586
1260 1.25992 1.23571
1270 1.27002 1.24552
1280 1.27994 1.25531
1290 1.29003 1.26526
1300 1.29995 1.27512
1310 1.31005 1.28508
1320 1.31995 1.29475
1330 1.33005 1.30471
1340 1.33996 1.31445
1350 1.35006 1.32439
1360 1.35997 1.33429
1370 1.37008 1.3441
1380 1.37992 1.35399
1390 1.39003 1.36371
1400 1.39994 1.37354
1410 1.41004 1.38358
1420 1.41995 1.39326
1430 1.43006 1.40319
1440 1.43995 1.41299
1450 1.45007 1.42283
1460 1.45997 1.43272
1470 1.47008 1.44256
1480 1.47998 1.45246
1490 1.4901 1.46224
1500 1.5 1.47217
1510 1.5099 1.4821
1520 1.52002 1.49184
1530 1.52991 1.50178
1540 1.54003 1.51144
1550 1.54993 1.52146
1560 1.56005 1.53142
1570 1.56993 1.54123
1580 1.58005 1.55101
1590 1.58994 1.56086
1600 1.60007 1.5706
1610 1.60996 1.58059
1620 1.62009 1.59027
1630 1.62991 1.60011
1640 1.64004 1.61015
1650 1.64993 1.61992
1660 1.66006 1.62978
1670 1.66995 1.6397
1680 1.68007 1.64951
1690 1.68996 1.65926
1700 1.70008 1.66929
1710 1.70997 1.67908
1720 1.72008 1.68887
1730 1.73001 1.69889
1740 1.74012 1.70853
1750 1.75 1.71839
1760 1.75988 1.72833
1770 1.76998 1.73799
1780 1.77993 1.74812
1790 1.79003 1.75776
1800 1.79991 1.76761
1810 1.81001 1.77754
1820 1.81996 1.78734
1830 1.83006 1.79723
1840 1.83993 1.80702
1850 1.85002 1.81685
1860 1.86 1.82679
1870 1.87009 1.83665
1880 1.87991 1.84656
1890 1.88999 1.85645
1900 1.89999 1.86615
1910 1.91007 1.8761
1920 1.91994 1.8859
1930 1.93002 1.8956
1940 1.94002 1.90549
1950 1.9501 1.91545
1960 1.95997 1.92524
1970 1.97003 1.93518
1980 1.98007 1.94497
1990 1.99013 1.95475
2000 2 1.96465
2010 2.01001 1.97452
2020 2.02001 1.98413
2030 2.03002 1.99443
2040 2.04001 2.00395
2050 2.05002 2.01432
2060 2.06003 2.02365
2070 2.06998 2.03326
2080 2.07998 2.04354
2090 2.08999 2.05292
2100 2.09999 2.06331
2110 2.10999 2.0735
2120 2.12 2.08289
2130 2.13 2.0929
2140 2.14001 2.10246
2150 2.15001 2.11272
2160 2.16001 2.1222
2170 2.17001 2.13251
2180 2.18002 2.14227
2190 2.18997 2.15191
2200 2.19998 2.16147
2210 2.20998 2.17154
2220 2.21998 2.18112
2230 2.22999 2.19119
2240 2.23999 2.20095
2250 2.25 2.21149
2260 2.26001 2.22093
2270 2.27001 2.23047
2280 2.28002 2.24091
2290 2.29002 2.25019
2300 2.30002 2.26003
2310 2.31003 2.27018
2320 2.31999 2.28017
2330 2.32999 2.28948
2340 2.34 2.29939
2350 2.35 2.30968
2360 2.36 2.31939
2370 2.37001 2.32879
2380 2.37999 2.33878
2390 2.39 2.34837
2400 2.4 2.35885
2410 2.41 2.36865
2420 2.42 2.37865
2430 2.43001 2.38834
2440 2.43997 2.39837
2450 2.44998 2.40776
2460 2.45998 2.41812
2470 2.46998 2.42742
2480 2.47999 2.43734
2490 2.48999 2.4472
2500 2.5 2.45772
2510 2.51001 2.46675
2520 2.52001 2.47664
2530 2.53002 2.48629
2540 2.54002 2.49676
2550 2.55003 2.50625
2560 2.56003 2.51628
2570 2.57 2.52587
2580 2.58 2.53568
2590 2.59001 2.54529
2600 2.60001 2.55565
2610 2.61001 2.56543
2620 2.62002 2.57543
2630 2.62998 2.58497
2640 2.63999 2.59483
2650 2.64999 2.60468
2660 2.65999 2.61494
2670 2.67 2.62446
2680 2.68 2.63444
2690 2.68996 2.64479
2700 2.69997 2.6541
2710 2.70998 2.66363
2720 2.71998 2.67391
2730 2.72998 2.68332
2740 2.73999 2.69361
2750 2.75 2.70362
2760 2.76001 2.71319
2770 2.77002 2.72263
2780 2.78002 2.73309
2790 2.79002 2.74277
2800 2.80003 2.75263
2810 2.81004 2.76314
2820 2.82 2.77209
2830 2.83001 2.78234
2840 2.84002 2.79269
2850 2.85002 2.80171
2860 2.86002 2.81174
2870 2.87003 2.82175
2880 2.87997 2.83153
2890 2.88998 2.84104
2900 2.89998 2.85144
2910 2.90998 2.86063
2920 2.91999 2.8712
2930 2.93 2.88046
2940 2.93996 2.88989
2950 2.94997 2.90003
2960 2.95998 2.9098
2970 2.96998 2.92014
2980 2.97998 2.9298
2990 2.98999 2.93966
3000 3 2.9497
3010 3.01001 2.95917
3020 3.02002 2.96935
3030 3.03002 2.97907
3040 3.04002 2.98855
3050 3.05003 2.99896
3060 3.06004 3.00809
3070 3.07001 3.01856
3080 3.08001 3.02914
3090 3.09002 3.03789
3100 3.10002 3.04783
3110 3.11003 3.05803
3120 3.12004 3.0678
3130 3.12996 3.07792
3140 3.13997 3.08761
3150 3.14998 3.09733
3160 3.15998 3.10662
3170 3.16998 3.11733
3180 3.17999 3.12644
3190 3.18996 3.13652
3200 3.19997 3.14655
3210 3.20998 3.15685
3220 3.21998 3.16648
3230 3.19997 3.14655
3240 3.23999 3.18607
3250 3.25 3.19595
3260 3.26001 3.20572
3270 3.27002 3.21537
3280 3.28002 3.22539
3290 3.29002 3.23548
3300 3.30003 3.24515
3310 3.31004 3.25396
3320 3.32001 3.26513
3330 3.33002 3.27498
3340 3.34003 3.28452
3350 3.35003 3.29409
3360 3.36003 3.30371
3370 3.37004 3.3142
3380 3.37996 3.32366
3390 3.38997 3.33299
3400 3.39997 3.34341
3410 3.40997 3.35346
3420 3.41998 3.36262
3430 3.41998 3.36262
3440 3.43996 3.38275
3450 3.44997 3.39258
3460 3.45998 3.40221
3470 3.46998 3.41263
3480 3.47998 3.42211
3490 3.48999 3.43204
3500 3.5 3.44194
3510 3.51001 3.45199
3520 3.52002 3.46167
3530 3.52002 3.46167
3540 3.54002 3.4814
3550 3.55003 3.49178
3560 3.56004 3.50169
3570 3.57002 3.51081
3580 3.58002 3.5204
3590 3.59003 3.52974
3600 3.60003 3.54029
3610 3.61004 3.55004
3620 3.62005 3.56045
3630 3.62005 3.56045
3640 3.63996 3.58023
3650 3.64997 3.59022
3660 3.65997 3.59919
3670 3.66998 3.60912
3680 3.67998 3.61953
3690 3.68996 3.62948
3700 3.69997 3.6388
3710 3.70997 3.64803
3720 3.70997 3.64803
3730 3.73999 3.67785
3740 3.73999 3.67785
3750 3.75 3.68839
3760 3.76001 3.6981
3770 3.77002 3.70831
3780 3.78003 3.71716
3790 3.79003 3.72761
3800 3.80003 3.73689
3810 3.81004 3.74723
3820 3.82002 3.75722
3830 3.83003 3.76643
3840 3.84004 3.77686
3850 3.85004 3.78697
3860 3.86004 3.79604
3870 3.87005 3.80632
3880 3.87995 3.81579
3890 3.88996 3.82608
3900 3.89996 3.83557
3910 3.90996 3.84556
3920 3.91997 3.85533
3930 3.92998 3.86494
3940 3.93996 3.87505
3950 3.94997 3.88419
3960 3.95997 3.89483
3970 3.96997 3.90447
3980 3.97998 3.91416
3990 3.98999 3.92374
4000 4 3.93396
4010 4.01001 3.94461
4020 4.02002 3.95374
4030 4.03003 3.96486
4040 4.04003 3.97321
4050 4.05003 3.9831
4060 4.06004 3.99331
4070 4.07002 4.00282
4080 4.08003 4.01363
4090 4.09004 4.02258
4100 4.10004 4.03291
4110 4.11005 4.04266
4120 4.12006 4.05225
4130 4.12994 4.06207
4140 4.13995 4.07239
4150 4.14996 4.08193
4160 4.15997 4.0913
4170 4.16997 4.10195
4180 4.17998 4.11159
4190 4.18996 4.12154
4200 4.19997 4.13066
4210 4.20997 4.14045
4220 4.21998 4.15159
4230 4.22998 4.16058
4240 4.24 4.17105
4250 4.25 4.18032
4260 4.26 4.18975
4270 4.27002 4.19974
4280 4.28001 4.20934
4290 4.29003 4.22004
4300 4.30002 4.22891
4310 4.31004 4.2393
4320 4.32001 4.24891
4330 4.33003 4.25832
4340 4.34003 4.26863
4350 4.35004 4.27923
4360 4.36004 4.28883
4370 4.37006 4.29782
4380 4.37994 4.30809
4390 4.38997 4.3176
4400 4.39996 4.32766
4410 4.40998 4.33827
4420 4.41997 4.3473
4430 4.42999 4.35699
4440 4.43996 4.36723
4450 4.44998 4.37658
4460 4.45997 4.38635
4470 4.46999 4.39668
4480 4.47998 4.40577
4490 4.49001 4.41655
4500 4.5 4.42674
4510 4.50999 4.43595
4520 4.52002 4.44589
4530 4.53 4.45632
4540 4.54003 4.46582
4550 4.55001 4.4755
4560 4.56004 4.48493
4570 4.57 4.49492
4580 4.58003 4.50582
4590 4.59002 4.51409
4600 4.60005 4.52491
4610 4.61003 4.53541
4620 4.62006 4.54451
4630 4.62994 4.55457
4640 4.63997 4.56405
4650 4.64995 4.57413
4660 4.65999 4.58342
4670 4.66996 4.59405
4680 4.68 4.60404
4690 4.68996 4.61368
4700 4.7 4.62361
4710 4.70997 4.63358
4720 4.72001 4.64224
4730 4.72998 4.65297
4740 4.74002 4.66225
4750 4.75 4.67277
4760 4.75997 4.68255
4770 4.77002 4.69192
4780 4.77999 4.70172
4790 4.79003 4.71239
4800 4.8 4.72056
4810 4.81005 4.73185
4820 4.81999 4.7416
4830 4.83004 4.75049
4840 4.84001 4.76113
4850 4.85005 4.77113
4860 4.86002 4.78029
4870 4.87007 4.79038
4880 4.87993 4.80101
4890 4.88998 4.81021
4900 4.89995 4.82017
4910 4.90999 4.82969
4920 4.91996 4.83996
4930 4.93001 4.84919
4940 4.93995 4.85936
4950 4.95001 4.86896
4960 4.95997 4.88023
4970 4.97002 4.8894
4980 4.97998 4.89898
4990 4.99003 4.90924
5000 5 4.91844
5010 5.00996 4.92842
5020 5.02002 4.93842
5030 5.02998 4.94828
5040 5.04003 4.95776
5050 5.04999 4.96809
5060 5.06005 4.97732
5070 5.06998 4.98769
5080 5.08004 4.99762
5090 5.09 5.0071
5100 5.10005 5.01691
5110 5.11001 5.02692
5120 5.12007 5.03689
5130 5.12993 5.04613
5140 5.13999 5.05605
5150 5.14995 5.0661
5160 5.16 5.0768
5170 5.16996 5.08567
5180 5.18002 5.0958
5190 5.18995 5.10505
5200 5.20001 5.11573
5210 5.20997 5.12539
5220 5.22003 5.13492
5230 5.22998 5.14534
5240 5.24004 5.15491
5250 5.25 5.16454
5260 5.25995 5.17489
5270 5.27002 5.18463
5280 5.27997 5.19442
5290 5.29003 5.20361
5300 5.29998 5.21314
5310 5.31005 5.22259
5320 5.31998 5.23398
5330 5.33004 5.24364
5340 5.33999 5.25274
5350 5.35005 5.26268
5360 5.36 5.27227
5370 5.37007 5.28305
5380 5.37993 5.2929
5390 5.39 5.30273
5400 5.39995 5.31173
5410 5.41001 5.322
5420 5.41996 5.33211
5430 5.43003 5.34194
5440 5.43995 5.35133
5450 5.45002 5.36172
5460 5.45997 5.3719
5470 5.47004 5.38203
5480 5.47998 5.39097
5490 5.49005 5.4012
5500 5.5 5.41
5510 5.50995 5.41998
5520 5.52002 5.43069
5530 5.52996 5.44114
5540 5.54003 5.44917
5550 5.54997 5.45936
5560 5.56005 5.46936
5570 5.56997 5.48006
5580 5.58004 5.48918
5590 5.58999 5.49993
5600 5.60006 5.50925
5610 5.61 5.51865
5620 5.62007 5.52879
5630 5.62993 5.53826
5640 5.64 5.54854
5650 5.64994 5.55862
5660 5.66002 5.56827
5670 5.66996 5.57747
5680 5.68003 5.58785
5690 5.68995 5.5979
5700 5.70003 5.60883
5710 5.70997 5.61706
5720 5.72004 5.6269
5730 5.72998 5.63697
5740 5.74006 5.64614
5750 5.75 5.6568
5760 5.75994 5.66606
5770 5.77002 5.6752
5780 5.77995 5.68643
5790 5.79003 5.69566
5800 5.79997 5.70547
5810 5.81005 5.71472
5820 5.81996 5.72527
5830 5.83004 5.73503
5840 5.83998 5.74577
5850 5.85006 5.75422
5860 5.85999 5.76485
5870 5.87007 5.77462
5880 5.87993 5.78406
5890 5.89001 5.79358
5900 5.89994 5.80487
5910 5.91002 5.81439
5920 5.91996 5.82498
5930 5.93004 5.83365
5940 5.93995 5.84439
5950 5.95004 5.85381
5960 5.95997 5.8631
5970 5.97005 5.87321
5980 5.97998 5.8829
5990 5.99007 5.8929
6000 6 5.90254
6010 6.00993 5.91264
6020 6.02002 5.92306
6030 6.02995 5.93228
6040 6.04003 5.94176
6050 6.04996 5.95203
6060 6.06005 5.96225
6070 6.06996 5.97168
6080 6.08005 5.98074
6090 6.08997 5.99086
6100 6.10006 6.00148
6110 6.10999 6.01022
6120 6.12008 6.02071
6130 6.12992 6.03026
6140 6.14001 6.04158
6150 6.14994 6.05039
6160 6.16003 6.0623
6170 6.16995 6.07024
6180 6.18004 6.07943
6190 6.18995 6.0892
6200 6.20004 6.09898
6210 6.20997 6.1098
6220 6.22006 6.11911
6230 6.22998 6.12978
6240 6.24007 6.13911
6250 6.25 6.14907
6260 6.25992 6.15905
6270 6.27002 6.16759
6280 6.27994 6.17815
6290 6.29003 6.18874
6300 6.29995 6.19892
6310 6.31005 6.20838
6320 6.31995 6.21778
6330 6.33005 6.22698
6340 6.33997 6.23698
6350 6.35006 6.24725
6360 6.35998 6.2572
6370 6.37008 6.26693
6380 6.37992 6.27601
6390 6.39002 6.28727
6400 6.39994 6.29686
6410 6.41003 6.30571
6420 6.41995 6.3147
6430 6.43005 6.32632
6440 6.43995 6.33472
6450 6.45005 6.34498
6460 6.45997 6.35535
6470 6.47006 6.36549
6480 6.47998 6.37444
6490 6.49008 6.38497
6500 6.5 6.39511
6510 6.50992 6.40351
6520 6.52002 6.41475
6530 6.52994 6.4245
6540 6.54003 6.43395
6550 6.54995 6.4442
6560 6.56005 6.45432
6570 6.56995 6.4639
6580 6.58005 6.47361
6590 6.58996 6.48325
6600 6.60006 6.49386
6610 6.60998 6.50308
6620 6.62008 6.51216
6630 6.62992 6.52296
6640 6.64002 6.53323
6650 6.64994 6.54146
6660 6.66004 6.55215
6670 6.66995 6.56154
6680 6.68005 6.57207
6690 6.68995 6.58194
6700 6.70005 6.59126
6710 6.70997 6.60042
6720 6.72007 6.61106
6730 6.72998 6.62135
6740 6.74009 6.62995
6750 6.75 6.64072
6760 6.75991 6.6507
6770 6.77002 6.6596
6780 6.77993 6.67107
6790 6.79003 6.67978
6800 6.79994 6.68992
6810 6.81005 6.69972
6820 6.81994 6.70974
6830 6.83005 6.72036
6840 6.83996 6.72986
6850 6.85006 6.7396
6860 6.85997 6.75005
6870 6.87008 6.75929
6880 6.87992 6.76816
6890 6.89003 6.77818
6900 6.89994 6.78954
6910 6.91004 6.798
6920 6.91995 6.80792
6930 6.93006 6.8176
6940 6.93995 6.82804
6950 6.95006 6.83785
6960 6.95997 6.84711
6970 6.97007 6.8569
6980 6.97998 6.86734
6990 6.99009 6.87678
7000 7 6.88723
7010 7.00991 6.89579
7020 7.02002 6.90717
7030 7.02992 6.91648
7040 7.04003 6.92545
7050 7.04994 6.93589
7060 7.06005 6.94586
7070 7.06994 6.95622
7080 7.08005 6.96643
7090 7.08996 6.97551
7100 7.10006 6.98544
7110 7.10997 6.99528
7120 7.12008 7.00549
7130 7.12992 7.01452
7140 7.14003 7.02566
7150 7.14994 7.03385
7160 7.16005 7.04465
7170 7.16995 7.05426
7180 7.18006 7.06442
7190 7.18995 7.07306
7200 7.20007 7.08292
7210 7.20997 7.09286
7220 7.22008 7.10319
7230 7.22998 7.11332
7240 7.2401 7.1237
7250 7.25 7.13237
7260 7.2599 7.1422
7270 7.27002 7.15273
7280 7.27992 7.16259
7290 7.29003 7.17241
7300 7.29993 7.18253
7310 7.31005 7.19152
7320 7.31993 7.20245
7330 7.33005 7.21313
7340 7.33995 7.22102
7350 7.35007 7.23123
7360 7.35997 7.2403
7370 7.37008 7.2512
7380 7.37992 7.26141
7390 7.39003 7.26984
7400 7.39993 7.27982
7410 7.41005 7.28961
7420 7.41995 7.30036
7430 7.43007 7.31063
7440 7.43995 7.31962
7450 7.45007 7.3305
7460 7.45997 7.33999
7470 7.47008 7.3493
7480 7.47998 7.35933
7490 7.4901 7.36916
7500 7.5 7.37903
7510 7.5099 7.38856
7520 7.52002 7.39873
7530 7.52991 7.40818
7540 7.54003 7.41836
7550 7.54993 7.42648
7560 7.56005 7.43805
7570 7.56993 7.44767
7580 7.58005 7.45693
7590 7.58995 7.46644
7600 7.60007 7.47653
7610 7.60996 7.48599
7620 7.62008 7.49652
7630 7.62992 7.50786
7640 7.64004 7.51586
7650 7.64993 7.52605
7660 7.66005 7.53589
7670 7.66995 7.54773
7680 7.68007 7.55575
7690 7.68995 7.56581
7700 7.70007 7.57555
7710 7.70997 7.58549
7720 7.72009 7.59536
7730 7.72998 7.60453
7740 7.74011 7.61456
7750 7.75 7.62436
7760 7.75989 7.63476
7770 7.77002 7.64611
7780 7.77991 7.6537
7790 7.79003 7.66345
7800 7.79993 7.6752
7810 7.81005 7.6839
7820 7.81993 7.69449
7830 7.83005 7.70302
7840 7.83995 7.71362
7850 7.85007 7.72305
7860 7.85996 7.73331
7870 7.87009 7.74206
7880 7.87991 7.7518
7890 7.89004 7.76302
7900 7.89993 7.77173
7910 7.91006 7.78172
7920 7.91995 7.79261
7930 7.93007 7.80299
7940 7.93995 7.8124
7950 7.95008 7.82247
7960 7.95997 7.83258
7970 7.97009 7.84099
7980 7.97998 7.85144
7990 7.99011 7.8597
8000 8 7.8707
8010 8.00989 7.88198
8020 8.02002 7.88897
8030 8.02991 7.9
8040 8.04003 7.91029
8050 8.04992 7.91987
8060 8.06005 7.92888
8070 8.06992 7.9395
8080 8.08005 7.9505
8090 8.08994 7.95966
8100 8.10007 7.97037
8110 8.10996 7.97906
8120 8.12009 7.98928
8130 8.12991 7.99843
8140 8.14004 8.00845
8150 8.14993 8.01803
8160 8.16006 8.02847
8170 8.16995 8.03809
8180 8.18008 8.04803
8190 8.18995 8.05733
8200 8.20008 8.06794
8210 8.20997 8.07712
8220 8.22009 8.08683
8230 8.22998 8.09681
8240 8.24011 8.10648
8250 8.25 8.11661
8260 8.25989 8.12682
8270 8.27001 8.13638
8280 8.27991 8.14622
8290 8.29003 8.15621
8300 8.29992 8.16545
8310 8.31004 8.17384
8320 8.31993 8.18448
8330 8.33005 8.1971
8340 8.33994 8.20551
8350 8.35006 8.21551
8360 8.35996 8.2241
8370 8.37009 8.23618
8380 8.37991 8.24511
8390 8.39004 8.25307
8400 8.39994 8.26432
8410 8.41006 8.27337
8420 8.41995 8.28417
8430 8.43007 8.29414
8440 8.43996 8.30394
8450 8.45008 8.31331
8460 8.45997 8.32408
8470 8.47008 8.33236
8480 8.48 8.34296
8490 8.49012 8.35287
8500 8.5 8.36254
8510 8.50988 8.37213
8520 8.52 8.38244
8530 8.52992 8.39328
8540 8.54003 8.40125
8550 8.54992 8.41087
8560 8.56003 8.42194
8570 8.56994 8.43168
8580 8.58005 8.44126
8590 8.58994 8.45122
8600 8.60005 8.4602
8610 8.60997 8.4692
8620 8.62009 8.48087
8630 8.62991 8.49132
8640 8.64002 8.49915
8650 8.64995 8.51082
8660 8.66006 8.52066
8670 8.66995 8.52984
8680 8.68005 8.53963
8690 8.68998 8.54916
8700 8.70009 8.56022
8710 8.70997 8.56956
8720 8.72007 8.57942
8730 8.73001 8.58862
8740 8.74012 8.59811
8750 8.75 8.61006
8760 8.75988 8.61893
8770 8.76999 8.62912
8780 8.77993 8.6387
8790 8.79003 8.64691
8800 8.79991 8.65779
8810 8.81002 8.66724
8820 8.81995 8.67858
8830 8.83006 8.68703
8840 8.83993 8.69696
8850 8.85003 8.70703
8860 8.85999 8.71674
8870 8.87009 8.72643
8880 8.87991 8.73715
8890 8.89001 8.74647
8900 8.89997 8.75618
8910 8.91007 8.76451
8920 8.91994 8.77591
8930 8.93005 8.78515
8940 8.93999 8.79501
8950 8.95009 8.80552
8960 8.95997 8.81441
8970 8.97006 8.82505
8980 8.98002 8.83407
8990 8.99012 8.84456
9000 9 8.85443
9010 9.00988 8.86378
9020 9.01997 8.87605
9030 9.02994 8.88343
9040 9.04003 8.8926
9050 9.04991 8.90232
9060 9.06 8.91419
9070 9.06996 8.92317
9080 9.08006 8.93388
9090 9.08993 8.94277
9100 9.10002 8.95217
9110 9.10999 8.96187
9120 9.12009 8.973
9130 9.12991 8.98303
9140 9.14 8.9918
9150 9.14998 9.00273
9160 9.16007 9.01216
9170 9.16994 9.02255
9180 9.18004 9.03213
9190 9.19 9.04052
9200 9.20009 9.05195
9210 9.20997 9.06104
9220 9.22005 9.07059
9230 9.23004 9.07958
9240 9.24013 9.08969
9250 9.25 9.10068
9260 9.25987 9.10933
9270 9.26996 9.12073
9280 9.27995 9.13025
9290 9.29003 9.13983
9300 9.29991 9.14863
9310 9.30999 9.15908
9320 9.31997 9.16893
9330 9.33006 9.17848
9340 9.33993 9.1885
9350 9.35001 9.19887
9360 9.36 9.20867
9370 9.37009 9.21785
9380 9.37991 9.2288
9390 9.38999 9.23806
9400 9.39999 9.24842
9410 9.41007 9.25737
9420 9.41994 9.2684
9430 9.43003 9.27742
9440 9.44001 9.28832
9450 9.4501 9.29632
9460 9.45997 9.30757
9470 9.47005 9.31715
9480 9.48005 9.32579
9490 9.49013 9.33731
9500 9.5 9.34651
9510 9.50987 9.35649
9520 9.51995 9.3665
9530 9.52996 9.37593
9540 9.54003 9.38484
9550 9.5499 9.3947
9560 9.55998 9.40509
9570 9.56998 9.41557
9580 9.58006 9.42446
9590 9.58993 9.43541
9600 9.6 9.44526
9610 9.61001 9.45391
9620 9.62009 9.4643
9630 9.62991 9.47554
9640 9.63999 9.48363
9650 9.65 9.49411
9660 9.66007 9.50288
9670 9.66994 9.51375
9680 9.68002 9.5236
9690 9.69003 9.53413
9700 9.7001 9.54383
9710 9.70997 9.5529
9720 9.72004 9.56376
9730 9.73006 9.57319
9740 9.74013 9.58124
9750 9.75 9.5922
9760 9.75987 9.60152
9770 9.76994 9.61299
9780 9.77996 9.62031
9790 9.79003 9.63134
9800 9.7999 9.64249
9810 9.80997 9.65095
9820 9.81999 9.66045
9830 9.83006 9.67156
9840 9.83992 9.68095
9850 9.84999 9.68921
9860 9.86002 9.70002
9870 9.87009 9.71183
9880 9.87991 9.71927
9890 9.88998 9.73046
9900 9.90001 9.74013
9910 9.91008 9.7484
9920 9.91994 9.75947
9930 9.93001 9.76852
9940 9.94003 9.77835
9950 9.9501 9.78923
9960 9.95997 9.79935
9970 9.97003 9.80796
9980 9.98007 9.81912
9990 9.99014 9.82882
10000 10 9.83812
10010 10.0099 9.8465
10020 10.0199 9.85862
10030 10.03 9.86702
10040 10.04 9.87647
10050 10.0499 9.88688
10060 10.06 9.89596
10070 10.07 9.90656
10080 10.0801 9.91707
10090 10.0899 9.92675
10100 10.1 9.93723
10110 10.11 9.94571
10120 10.1201 9.955
10130 10.1299 9.96682
10140 10.14 9.97619
10150 10.15 9.98559
10160 10.1601 9.99456
10170 10.1699 10.0041
10180 10.18 10.0162
10190 10.19 10.0257
10200 10.2001 10.0357
10210 10.21 10.0445
10220 10.22 10.0543
10230 10.2301 10.064
10240 10.2401 10.0739
10250 10.25 10.0836
10260 10.2599 10.0943
10270 10.2699 10.104
10280 10.28 10.1139
10290 10.29 10.122
10300 10.2999 10.1336
10310 10.31 10.1416
10320 10.32 10.1515
10330 10.3301 10.1636
10340 10.3399 10.1731
10350 10.35 10.182
10360 10.36 10.1916
10370 10.3701 10.2018
10380 10.3799 10.2131
10390 10.39 10.2202
10400 10.4 10.2328
10410 10.4101 10.2411
10420 10.4199 10.2529
10430 10.43 10.2614
10440 10.4401 10.2707
10450 10.4501 10.2798
10460 10.46 10.2902
10470 10.47 10.3003
10480 10.4801 10.3101
10490 10.4901 10.3195
10500 10.5 10.3303
10510 10.5099 10.341
10520 10.5199 10.3495
10530 10.53 10.3608
10540 10.54 10.3697
10550 10.5499 10.3799
10560 10.5599 10.3892
10570 10.57 10.3984
10580 10.5801 10.4083
10590 10.5899 10.419
10600 10.6 10.4282
10610 10.61 10.4391
10620 10.6201 10.4473
10630 10.6299 10.4579
10640 10.64 10.4684
10650 10.65 10.4775
10660 10.6601 10.486
10670 10.6699 10.4963
10680 10.68 10.5059
10690 10.6901 10.5176
10700 10.7001 10.5273
10710 10.71 10.5368
10720 10.72 10.5474
10730 10.7301 10.5549
10740 10.7401 10.5652
10750 10.75 10.5761
10760 10.7599 10.5873
10770 10.7699 10.5957
10780 10.78 10.6054
10790 10.79 10.6148
10800 10.7999 10.625
10810 10.8099 10.6349
10820 10.82 10.6446
10830 10.8301 10.656
10840 10.8399 10.6649
10850 10.85 10.673
10860 10.8601 10.6847
10870 10.8701 10.6948
10880 10.8799 10.7034
10890 10.8899 10.7142
10900 10.9 10.7237
10910 10.9101 10.7332
10920 10.9199 10.7436
10930 10.93 10.754
10940 10.9401 10.7613
10950 10.9501 10.7719
10960 10.96 10.7821
10970 10.97 10.7929
10980 10.9801 10.802
10990 10.9901 10.8121
11000 11 10.8211
11010 11.0099 10.8312
11020 11.0199 10.8431
11030 11.03 10.8502
11040 11.04 10.8617
11050 11.0499 10.8712
11060 11.0599 10.8809
11070 11.07 10.89
11080 11.0801 10.9016
11090 11.0899 10.9104
11100 11.0999 10.9201
11110 11.1101 10.9304
11120 11.1201 10.9393
11130 11.1299 10.9497
11140 11.1399 10.9592
11150 11.1501 10.9684
11160 11.1601 10.979
11170 11.1699 10.9884
11180 11.18 10.9981
11190 11.1901 11.0094
11200 11.2001 11.0177
11210 11.21 11.0284
11220 11.22 11.0374
11230 11.2301 11.0488
11240 11.2401 11.0588
11250 11.25 11.0654
11260 11.2599 11.0775
11270 11.2699 11.0875
11280 11.28 11.097
11290 11.29 11.1065
11300 11.2999 11.1165
11310 11.3099 11.1276
11320 11.32 11.1377
11330 11.3301 11.1451
11340 11.3399 11.1556
11350 11.3499 11.1661
11360 11.3601 11.1758
11370 11.3701 11.1865
11380 11.3799 11.1951
11390 11.3899 11.2047
11400 11.4001 11.2162
11410 11.4101 11.2237
11420 11.4199 11.2348
11430 11.43 11.2451
11440 11.4401 11.2554
11450 11.4501 11.2645
11460 11.46 11.2739
11470 11.47 11.2841
11480 11.4801 11.2946
11490 11.4901 11.3046
11500 11.5 11.3135
11510 11.5099 11.3214
11520 11.5199 11.3315
11530 11.53 11.3424
11540 11.54 11.3516
11550 11.5499 11.3635
11560 11.5599 11.372
11570 11.57 11.3822
11580 11.5801 11.3924
11590 11.5899 11.4028
11600 11.5999 11.4104
11610 11.6101 11.4224
11620 11.6201 11.4316
11630 11.6299 11.4399
11640 11.6399 11.4515
11650 11.6501 11.4599
11660 11.6601 11.4715
11670 11.6699 11.4809
11680 11.68 11.4915
11690 11.6901 11.5004
11700 11.7001 11.509
11710 11.71 11.5199
11720 11.72 11.5299
11730 11.7301 11.5396
11740 11.7401 11.5497
11750 11.75 11.5601
11760 11.7599 11.5686
11770 11.7699 11.579
11780 11.78 11.589
11790 11.79 11.599
11800 11.7999 11.6085
11810 11.8099 11.6188
11820 11.82 11.6284
11830 11.8301 11.6381
11840 11.8399 11.6466
11850 11.8499 11.6564
11860 11.8601 11.6672
11870 11.8701 11.6783
11880 11.8799 11.6881
11890 11.8899 11.6979
11900 11.9001 11.7064
11910 11.9101 11.7171
11920 11.9199 11.7265
11930 11.93 11.7375
11940 11.9401 11.7457
11950 11.9501 11.7546
11960 11.96 11.7685
11970 11.97 11.777
11980 11.9801 11.786
11990 11.9901 11.7947
12000 12 11.8049
12010 12.0098 11.815
12020 12.0199 11.8259
12030 12.03 11.8345
12040 12.04 11.845
12050 12.0499 11.8539
12060 12.0599 11.865
12070 12.07 11.8732
12080 12.0801 11.8844
12090 12.0899 11.8927
12100 12.0999 11.904
12110 12.1101 11.9125
12120 12.1201 11.9254
12130 12.1299 11.9333
12140 12.1399 11.9429
12150 12.1501 11.9523
12160 12.1601 11.9619
12170 12.1699 11.9741
12180 12.1799 11.9828
12190 12.1901 11.9915
12200 12.2001 12.0021
12210 12.21 12.0113
12220 12.22 12.022
12230 12.2301 12.0324
12240 12.2402 12.042
12250 12.25 12.05
12260 12.2598 12.0609
12270 12.2699 12.0694
12280 12.28 12.0805
12290 12.29 12.0898
12300 12.2999 12.101
12310 12.3099 12.1097
12320 12.3201 12.1195
12330 12.3301 12.1316
12340 12.3399 12.1391
12350 12.3499 12.15
12360 12.3601 12.1596
12370 12.3701 12.1706
12380 12.3799 12.1795
12390 12.3899 12.1897
12400 12.4001 12.1983
12410 12.4101 12.2081
12420 12.4199 12.2184
12430 12.4299 12.2278
12440 12.4401 12.2385
12450 12.4501 12.2483
12460 12.46 12.2574
12470 12.47 12.2666
12480 12.4801 12.2756
12490 12.4902 12.288
12500 12.5 12.2961
12510 12.5098 12.3068
12520 12.5198 12.317
12530 12.53 12.3277
12540 12.54 12.3369
12550 12.5499 12.3457
12560 12.5599 12.3559
12570 12.5701 12.3657
12580 12.5801 12.3762
12590 12.5899 12.3859
12600 12.5999 12.3952
12610 12.6101 12.4042
12620 12.6201 12.4154
12630 12.6299 12.4239
12640 12.6399 12.4354
12650 12.6501 12.4449
12660 12.6601 12.4533
12670 12.6699 12.4638
12680 12.6799 12.476
12690 12.6901 12.4832
12700 12.7001 12.4953
12710 12.71 12.503
12720 12.72 12.514
12730 12.7302 12.5238
12740 12.7402 12.5323
12750 12.75 12.5431
12760 12.7598 12.5532
12770 12.7698 12.5618
12780 12.78 12.5719
12790 12.79 12.5811
12800 12.7999 12.5925
12810 12.8099 12.6021
12820 12.8201 12.609
12830 12.8301 12.6208
12840 12.8399 12.6307
12850 12.8499 12.643
12860 12.8601 12.6498
12870 12.8701 12.6605
12880 12.8799 12.6713
12890 12.8899 12.6814
12900 12.9001 12.6905
12910 12.9101 12.7003
12920 12.9199 12.7111
12930 12.9299 12.719
12940 12.9401 12.729
12950 12.9501 12.7393
12960 12.96 12.75
12970 12.97 12.7593
12980 12.9802 12.7693
12990 12.9902 12.7792
13000 13 12.7899
13010 13.0098 12.7992
13020 13.0198 12.8088
13030 13.03 12.8169
13040 13.04 12.8292
13050 13.0499 12.8378
13060 13.0599 12.8477
13070 13.0701 12.8577
13080 13.0801 12.8677
13090 13.0899 12.8769
13100 13.0999 12.8878
13110 13.1101 12.8989
13120 13.1201 12.9065
13130 13.1299 12.9166
13140 13.1399 12.9278
13150 13.1501 12.9364
13160 13.1601 12.9458
13170 13.1699 12.9569
13180 13.1799 12.9666
13190 13.1901 12.977
13200 13.2001 12.9866
13210 13.21 12.9953
13220 13.22 13.005
13230 13.2302 13.0146
13240 13.2402 13.0246
13250 13.25 13.0342
13260 13.2598 13.0452
13270 13.2698 13.0544
13280 13.28 13.0648
13290 13.29 13.0744
13300 13.2999 13.0813
13310 13.3099 13.0942
13320 13.3201 13.1037
13330 13.3301 13.1136
13340 13.3399 13.1238
13350 13.3499 13.1338
13360 13.3601 13.1439
13370 13.3701 13.1525
13380 13.3799 13.1641
13390 13.3899 13.1729
13400 13.4001 13.1831
13410 13.4101 13.1906
13420 13.4199 13.2013
13430 13.4299 13.2118
13440 13.4401 13.2223
13450 13.4501 13.2326
13460 13.46 13.2409
13470 13.47 13.2512
13480 13.4802 13.2619
13490 13.4902 13.2722
13500 13.5 13.2788
13510 13.5098 13.2903
13520 13.5198 13.2998
13530 13.53 13.3098
13540 13.54 13.3196
13550 13.5499 13.3287
13560 13.5599 13.34
13570 13.5701 13.3492
13580 13.5801 13.3606
13590 13.5899 13.3678
13600 13.5999 13.3787
13610 13.6101 13.3875
13620 13.6201 13.3972
13630 13.6299 13.4084
13640 13.6399 13.4155
13650 13.6501 13.4286
13660 13.6601 13.437
13670 13.6699 13.4463
13680 13.6799 13.4567
13690 13.6901 13.4662
13700 13.7001 13.4758
13710 13.71 13.4875
13720 13.7199 13.497
13730 13.7302 13.5066
13740 13.7402 13.5167
13750 13.75 13.5263
13760 13.7598 13.5352
13770 13.7698 13.5446
13780 13.7801 13.5568
13790 13.79 13.5648
13800 13.7999 13.5756
13810 13.8099 13.586
13820 13.8201 13.5934
13830 13.8301 13.6038
13840 13.8399 13.6138
13850 13.8499 13.6258
13860 13.8601 13.6336
13870 13.8701 13.646
13880 13.8799 13.6552
13890 13.8899 13.6655
13900 13.9001 13.6741
13910 13.9101 13.6832
13920 13.9199 13.6927
13930 13.9299 13.7037
13940 13.9401 13.7134
13950 13.9501 13.7241
13960 13.96 13.7341
13970 13.9699 13.7426
13980 13.9802 13.7515
13990 13.9902 13.7627
14000 14 13.7723
14010 14.0098 13.7816
14020 14.0198 13.7923
14030 14.0301 13.801
14040 14.04 13.8095
14050 14.0499 13.8217
14060 14.0598 13.8314
14070 14.0701 13.8399
14080 14.0801 13.8495
14090 14.0899 13.8592
14100 14.0999 13.8688
14110 14.1101 13.8803
14120 14.1201 13.8899
14130 14.1299 13.8991
14140 14.1399 13.9103
14150 14.1501 13.9197
14160 14.1601 13.9307
14170 14.1699 13.9386
14180 14.1799 13.9498
14190 14.1902 13.9604
14200 14.2001 13.9693
14210 14.21 13.9799
14220 14.2199 13.9885
14230 14.2302 13.997
14240 14.2402 14.0079
14250 14.25 14.0185
14260 14.2598 14.0279
14270 14.2698 14.0376
14280 14.2801 14.0463
14290 14.29 14.0569
14300 14.2999 14.0677
14310 14.3098 14.0754
14320 14.3201 14.0861
14330 14.3301 14.0959
14340 14.3399 14.1062
14350 14.3499 14.1162
14360 14.3601 14.1269
14370 14.3701 14.1373
14380 14.3799 14.1452
14390 14.3899 14.1545
14400 14.4001 14.1658
14410 14.4101 14.1772
14420 14.4199 14.1851
14430 14.4299 14.1972
14440 14.4402 14.2056
14450 14.4501 14.2163
14460 14.46 14.2247
14470 14.4699 14.2335
14480 14.4802 14.2454
14490 14.4902 14.2547
14500 14.5 14.2632
14510 14.5098 14.2741
14520 14.5198 14.2853
14530 14.5301 14.2939
14540 14.54 14.3019
14550 14.5499 14.3118
14560 14.5598 14.3217
14570 14.5701 14.3324
14580 14.5801 14.3432
14590 14.5899 14.3526
14600 14.5999 14.3623
14610 14.6101 14.3717
14620 14.6201 14.3804
14630 14.6299 14.3908
14640 14.6399 14.4036
14650 14.6501 14.4102
14660 14.6601 14.4216
14670 14.6699 14.4319
14680 14.6799 14.4406
14690 14.6902 14.4507
14700 14.7001 14.4598
14710 14.71 14.4693
14720 14.7199 14.4809
14730 14.7302 14.4917
14740 14.7402 14.5009
14750 14.75 14.5109
14760 14.7598 14.52
14770 14.7698 14.5295
14780 14.7801 14.5395
14790 14.79 14.55
14800 14.7999 14.5602
14810 14.8098 14.5687
14820 14.8201 14.5799
14830 14.8301 14.5885
14840 14.8399 14.599
14850 14.8499 14.6101
14860 14.8601 14.6168
14870 14.8701 14.6265
14880 14.8799 14.636
14890 14.8899 14.646
14900 14.9001 14.6567
14910 14.9101 14.6669
14920 14.9199 14.6764
14930 14.9299 14.6864
14940 14.9402 14.6954
14950 14.9501 14.7057
14960 14.96 14.716
14970 14.9699 14.7251
14980 14.9802 14.7373
14990 14.9902 14.7457
15000 15 14.7582
15010 15.0098 14.7645
15020 15.0198 14.7728
15030 15.0301 14.7863
15040 15.04 14.7958
15050 15.0499 14.8054
15060 15.0598 14.8129
15070 15.0701 14.8249
15080 15.0801 14.8348
15090 15.0899 14.8431
15100 15.0999 14.8524
15110 15.1101 14.8657
15120 15.1201 14.8731
15130 15.1299 14.8831
15140 15.1399 14.8946
15150 15.1501 14.9018
15160 15.1601 14.9122
15170 15.1699 14.9249
15180 15.1799 14.9309
15190 15.1902 14.9439
15200 15.2001 14.9515
15210 15.21 14.963
15220 15.2199 14.9726
15230 15.2302 14.9822
15240 15.2402 14.9917
15250 15.25 15.0005
15260 15.2598 15.0092
15270 15.2698 15.0221
15280 15.2801 15.031
15290 15.29 15.0404
15300 15.2999 15.0499
15310 15.3098 15.0606
15320 15.3201 15.0695
15330 15.3301 15.0807
15340 15.3399 15.0917
15350 15.3499 15.1005
15360 15.3601 15.1078
15370 15.3701 15.1196
15380 15.3799 15.1296
15390 15.3899 15.1387
15400 15.4001 15.1495
15410 15.4101 15.1578
15420 15.4199 15.1696
15430 15.4299 15.1803
15440 15.4402 15.1884
15450 15.4501 15.1988
15460 15.46 15.2067
15470 15.4699 15.2159
15480 15.4802 15.2283
15490 15.4902 15.2366
15500 15.5 15.247
15510 15.5098 15.2556
15520 15.5198 15.2659
15530 15.5301 15.2784
15540 15.54 15.2861
15550 15.5499 15.2953
15560 15.5598 15.3049
15570 15.5701 15.3148
15580 15.5801 15.325
15590 15.5899 15.3367
15600 15.5999 15.3448
15610 15.6101 15.3554
15620 15.6201 15.3669
15630 15.6299 15.3739
15640 15.6399 15.3839
15650 15.6502 15.395
15660 15.6601 15.4064
15670 15.6699 15.4154
15680 15.6799 15.4247
15690 15.6902 15.4334
15700 15.7001 15.4441
15710 15.71 15.4537
15720 15.7199 15.4641
15730 15.7302 15.4732
15740 15.7402 15.4836
15750 15.75 15.4922
15760 15.7598 15.5043
15770 15.7698 15.5136
15780 15.7801 15.5237
15790 15.79 15.5321
15800 15.7999 15.5431
15810 15.8098 15.5513
15820 15.8201 15.5614
15830 15.8301 15.5708
15840 15.8399 15.583
15850 15.8498 15.5916
15860 15.8601 15.5992
15870 15.8701 15.6093
15880 15.8799 15.6207
15890 15.8899 15.6304
15900 15.9002 15.6405
15910 15.9101 15.6518
15920 15.9199 15.6599
15930 15.9299 15.6694
15940 15.9402 15.6799
15950 15.9501 15.6885
15960 15.96 15.6993
15970 15.9699 15.7095
15980 15.9802 15.7201
15990 15.9902 15.7289
16000 16 15.74
