0.000 0.000
0.001 0.537
0.002 1.370
0.003 2.466
0.004 3.533
0.005 4.839
0.006 6.070
0.007 7.222
0.008 8.510
0.009 9.612
0.010 10.775
0.011 12.150
0.012 13.562
0.013 14.887
0.014 16.012
0.015 17.557
0.016 18.731
0.017 20.278
0.018 21.563
0.019 22.961
0.020 24.042
0.021 25.850
0.022 27.089
0.023 28.267
0.024 29.668
0.025 31.111
0.026 32.403
0.027 33.761
0.028 35.057
0.029 36.240
0.030 38.097
0.031 39.008
0.032 40.555
0.033 42.000
0.034 43.245
0.035 44.693
0.036 45.599
0.037 47.274
0.038 48.412
0.039 49.905
0.040 51.372
0.041 52.586
0.042 54.214
0.043 55.529
0.044 56.731
0.045 58.351
0.046 59.750
0.047 61.121
0.048 62.364
0.049 64.166
0.050 65.365
0.060 79.578
0.070 92.520
0.080 106.071
0.090 118.615
0.100 133.084
0.110 146.493
0.120 161.277
0.130 174.784
0.140 188.315
0.150 202.035
0.160 215.670
0.170 229.678
0.180 243.634
0.190 256.347
0.200 271.165
0.210 284.840
0.220 297.449
0.230 311.680
0.240 326.111
0.250 339.073
0.260 352.667
0.270 367.558
0.280 381.484
0.290 395.343
0.300 408.928
0.310 422.927
0.320 435.548
0.330 450.901
0.340 464.721
0.350 477.553
0.360 493.225
0.370 504.628
0.380 520.666
0.390 533.290
0.400 548.083
0.410 560.999
0.420 574.901
0.430 590.519
0.440 601.100
0.450 616.885
0.460 630.638
0.470 644.503
0.480 657.331
0.490 672.033
0.500 687.347
0.510 698.384
0.520 712.331
0.530 728.318
0.540 739.797
0.550 755.442
0.560 768.080
0.570 782.038
0.580 795.882
0.590 809.274
0.600 824.487
0.610 838.022
0.620 849.664
0.630 866.076
0.640 878.875
0.650 893.132
0.660 906.834
0.670 922.591
0.680 934.072
0.690 948.187
0.700 962.216
0.710 976.743
0.720 989.753
0.730 1006.260
0.740 1018.895
0.750 1030.736
0.760 1048.758
0.770 1058.437
0.780 1073.724
0.790 1089.199
0.800 1100.288
0.810 1114.125
0.820 1128.355
0.830 1141.886
0.840 1156.390
0.850 1170.147
0.860 1184.111
0.870 1198.058
0.880 1214.535
0.890 1225.608
0.900 1239.705
0.910 1253.613
0.920 1269.631
0.930 1280.808
0.940 1294.372
0.950 1311.946
0.960 1323.198
0.970 1337.845
0.980 1351.764
0.990 1366.722
1.000 1377.772
1.010 1393.449
1.020 1406.795
1.030 1418.854
1.040 1434.528
1.050 1447.602
1.060 1463.783
1.070 1476.626
1.080 1490.407
1.090 1504.778
1.100 1517.699
1.110 1530.951
1.120 1544.350
1.130 1558.234
1.140 1573.107
1.150 1586.849
1.160 1599.319
1.170 1613.902
1.180 1628.357
1.190 1642.606
1.200 1655.954
1.210 1671.642
1.220 1682.564
1.230 1698.018
1.240 1711.338
1.250 1726.360
1.260 1739.407
1.270 1753.241
1.280 1766.466
1.290 1782.243
1.300 1794.694
1.310 1808.191
1.320 1822.179
1.330 1835.810
1.340 1849.652
1.350 1863.313
1.360 1878.804
1.370 1892.056
1.380 1905.156
1.390 1918.770
1.400 1931.943
1.410 1948.852
1.420 1963.123
1.430 1972.121
1.440 1988.029
1.450 2002.414
1.460 2016.690
1.470 2031.689
1.480 2042.806
1.490 2057.119
1.500 2072.739
1.510 2086.161
1.520 2100.243
1.530 2114.622
1.540 2127.240
1.550 2142.325
1.560 2155.594
1.570 2169.050
1.580 2183.357
1.590 2195.441
1.600 2212.567
1.610 2223.815
1.620 2238.215
1.630 2251.366
1.640 2266.428
1.650 2280.782
1.660 2294.519
1.670 2305.990
1.680 2321.768
1.690 2336.720
1.700 2347.954
1.710 2361.099
1.720 2379.534
1.730 2392.186
1.740 2405.851
1.750 2418.728
1.760 2432.329
1.770 2447.556
1.780 2458.970
1.790 2474.973
1.800 2488.078
1.810 2502.723
1.820 2516.402
1.830 2528.063
1.840 2544.068
1.850 2554.292
1.860 2571.016
1.870 2583.133
1.880 2595.996
1.890 2610.713
1.900 2626.065
1.910 2637.921
1.920 2653.841
1.930 2669.660
1.940 2681.703
1.950 2696.864
1.960 2711.666
1.970 2725.754
1.980 2735.962
1.990 2749.703
2.000 2766.401
2.010 2779.229
2.020 2785.501
2.030 2805.907
2.040 2820.471
2.050 2834.055
2.060 2844.104
2.070 2860.915
2.080 2878.182
2.090 2887.042
2.100 2902.870
2.110 2919.416
2.120 2931.846
2.130 2947.605
2.140 2960.560
2.150 2970.623
2.160 2990.036
2.170 3002.228
2.180 3012.881
2.190 3028.242
2.200 3040.593
2.210 3058.117
2.220 3069.698
2.230 3082.653
2.240 3097.337
2.250 3110.335
2.260 3124.014
2.270 3139.596
2.280 3152.292
2.290 3166.874
2.300 3181.966
2.310 3192.974
2.320 3208.324
2.330 3220.970
2.340 3236.134
2.350 3250.792
2.360 3265.080
2.370 3278.828
2.380 3291.763
2.390 3306.769
2.400 3319.794
2.410 3334.193
2.420 3342.716
2.430 3357.500
2.440 3377.161
2.450 3389.051
2.460 3403.264
2.470 3418.559
2.480 3431.025
2.490 3440.704
2.500 3455.716
2.510 3471.340
2.520 3487.053
2.530 3499.292
2.540 3514.071
2.550 3527.704
2.560 3539.100
2.570 3557.266
2.580 3568.269
2.590 3580.547
2.600 3597.556
2.610 3609.816
2.620 3624.029
2.630 3639.597
2.640 3651.747
2.650 3667.173
2.660 3680.767
2.670 3693.873
2.680 3708.661
2.690 3722.382
2.700 3734.835
2.710 3750.139
2.720 3765.254
2.730 3775.850
2.740 3790.246
2.750 3804.071
2.760 3818.349
2.770 3832.902
2.780 3845.438
2.790 3860.462
2.800 3874.936
2.810 3888.816
2.820 3900.906
2.830 3915.809
2.840 3930.971
2.850 3943.834
2.860 3952.612
2.870 3973.219
2.880 3986.058
2.890 3998.952
2.900 4014.254
2.910 4026.314
2.920 4038.653
2.930 4053.539
2.940 4068.858
2.950 4085.791
2.960 4096.073
2.970 4110.543
2.980 4120.736
2.990 4138.203
3.000 4153.279
3.010 4162.124
3.020 4180.715
3.030 4192.455
3.040 4206.206
3.050 4218.737
3.060 4235.412
3.070 4251.192
3.080 4260.720
3.090 4273.389
3.100 4288.850
3.110 4302.871
3.120 4317.954
3.130 4330.483
3.140 4343.891
3.150 4355.046
3.160 4372.090
3.170 4387.684
3.180 4401.965
3.190 4417.155
3.200 4431.678
3.210 4442.483
3.220 4455.702
3.230 4465.218
3.240 4483.433
3.250 4500.198
3.260 4511.842
3.270 4524.646
3.280 4537.068
3.290 4552.347
3.300 4569.032
3.310 4582.556
3.320 4590.994
3.330 4612.295
3.340 4621.575
3.350 4639.199
3.360 4648.903
3.370 4662.855
3.380 4679.113
3.390 4693.210
3.400 4702.673
3.410 4719.970
3.420 4732.796
3.430 4749.170
3.440 4762.975
3.450 4776.519
3.460 4788.013
3.470 4801.340
3.480 4814.742
3.490 4824.992
3.500 4843.643
3.510 4858.176
3.520 4871.047
3.530 4886.234
3.540 4898.634
3.550 4915.469
3.560 4930.758
3.570 4937.274
3.580 4954.900
3.590 4967.614
3.600 4981.547
3.610 4997.321
3.620 5010.121
3.630 5023.319
3.640 5043.717
3.650 5052.461
3.660 5064.271
3.670 5081.316
3.680 5096.722
3.690 5107.453
3.700 5122.043
3.710 5133.426
3.720 5152.922
3.730 5160.255
3.740 5180.048
3.750 5191.441
3.760 5206.320
3.770 5219.274
3.780 5235.244
3.790 5248.566
3.800 5262.534
3.810 5269.582
3.820 5283.265
3.830 5301.776
3.840 5315.505
3.850 5333.148
3.860 5343.512
3.870 5360.397
3.880 5370.703
3.890 5386.524
3.900 5399.434
3.910 5413.526
3.920 5430.644
3.930 5438.369
3.940 5450.150
3.950 5469.052
3.960 5484.138
3.970 5496.965
3.980 5508.294
3.990 5522.027
4.000 5535.389
4.010 5550.430
4.020 5561.566
4.030 5580.100
4.040 5588.034
4.050 5601.948
4.060 5620.694
4.070 5629.323
4.080 5648.075
4.090 5660.468
4.100 5675.063
4.110 5686.203
4.120 5699.343
4.130 5718.084
4.140 5734.911
4.150 5744.442
4.160 5755.653
4.170 5772.022
4.180 5786.865
4.190 5798.522
4.200 5815.014
4.210 5830.397
4.220 5842.058
4.230 5856.118
4.240 5868.870
4.250 5885.503
4.260 5894.438
4.270 5910.079
4.280 5925.893
4.290 5937.976
4.300 5950.377
4.310 5967.663
4.320 5978.555
4.330 5998.870
4.340 6010.369
4.350 6024.227
4.360 6037.885
4.370 6051.423
4.380 6061.746
4.390 6074.223
4.400 6087.041
4.410 6103.502
4.420 6115.281
4.430 6125.813
4.440 6147.359
4.450 6159.842
4.460 6176.166
4.470 6187.110
4.480 6200.869
4.490 6218.212
4.500 6232.910
4.510 6246.497
4.520 6257.173
4.530 6271.105
4.540 6290.323
4.550 6297.023
4.560 6307.567
4.570 6324.973
4.580 6341.463
4.590 6352.457
4.600 6370.224
4.610 6379.039
4.620 6394.682
4.630 6414.228
4.640 6421.863
4.650 6438.436
4.660 6452.545
4.670 6466.727
4.680 6482.116
4.690 6492.894
4.700 6505.946
4.710 6520.100
4.720 6536.649
4.730 6549.421
4.740 6562.509
4.750 6569.441
4.760 6596.085
4.770 6600.550
4.780 6618.832
4.790 6630.357
4.800 6648.312
4.810 6659.689
4.820 6671.644
4.830 6684.314
4.840 6702.962
4.850 6715.209
4.860 6728.618
4.870 6737.127
4.880 6758.475
4.890 6769.733
4.900 6784.583
4.910 6797.353
4.920 6814.583
4.930 6826.435
4.940 6834.590
4.950 6847.305
4.960 6864.083
4.970 6877.882
4.980 6895.622
4.990 6904.895
5.000 6922.723
5.010 6939.690
5.020 6948.308
5.030 6958.507
5.040 6972.787
5.050 6995.366
5.060 7006.118
5.070 7019.905
5.080 7032.537
5.090 7047.898
5.100 7060.409
5.110 7072.381
5.120 7084.410
5.130 7098.155
5.140 7113.162
5.150 7133.924
5.160 7141.457
5.170 7163.355
5.180 7173.425
5.190 7186.497
5.200 7197.929
5.210 7212.715
5.220 7222.544
5.230 7238.485
5.240 7254.714
5.250 7266.163
5.260 7283.011
5.270 7296.338
5.280 7311.049
5.290 7325.484
5.300 7339.161
5.310 7354.205
5.320 7362.191
5.330 7377.185
5.340 7394.638
5.350 7408.563
5.360 7419.706
5.370 7435.840
5.380 7445.821
5.390 7454.306
5.400 7474.193
5.410 7489.039
5.420 7507.218
5.430 7519.679
5.440 7532.081
5.450 7543.886
5.460 7557.790
5.470 7572.079
5.480 7587.318
5.490 7599.482
5.500 7616.685
5.510 7624.558
5.520 7636.240
5.530 7656.684
5.540 7667.007
5.550 7683.898
5.560 7699.314
5.570 7710.651
5.580 7720.492
5.590 7735.804
5.600 7753.121
5.610 7766.225
5.620 7781.794
5.630 7794.835
5.640 7812.311
5.650 7824.772
5.660 7844.115
5.670 7846.002
5.680 7859.763
5.690 7879.580
5.700 7888.259
5.710 7906.188
5.720 7915.299
5.730 7930.297
5.740 7946.801
5.750 7958.842
5.760 7974.475
5.770 7990.574
5.780 8006.207
5.790 8019.133
5.800 8032.183
5.810 8043.157
5.820 8055.926
5.830 8070.642
5.840 8087.978
5.850 8102.437
5.860 8113.072
5.870 8121.299
5.880 8136.542
5.890 8156.445
5.900 8164.971
5.910 8183.387
5.920 8196.323
5.930 8206.777
5.940 8224.105
5.950 8239.675
5.960 8249.971
5.970 8267.203
5.980 8283.519
5.990 8296.365
6.000 8306.507
6.010 8322.112
6.020 8337.534
6.030 8353.869
6.040 8361.655
6.050 8375.157
6.060 8391.998
6.070 8401.074
6.080 8419.681
6.090 8430.826
6.100 8443.240
6.110 8460.862
6.120 8473.706
6.130 8485.578
6.140 8496.363
6.150 8511.825
6.160 8530.288
6.170 8542.667
6.180 8555.787
6.190 8573.455
6.200 8583.125
6.210 8596.212
6.220 8615.441
6.230 8624.722
6.240 8638.208
6.250 8655.971
6.260 8665.609
6.270 8681.746
6.280 8693.962
6.290 8707.992
6.300 8724.041
6.310 8736.731
6.320 8755.103
6.330 8765.186
6.340 8779.708
6.350 8787.417
6.360 8807.958
6.370 8821.518
6.380 8832.891
6.390 8841.201
6.400 8861.184
6.410 8872.020
6.420 8887.529
6.430 8905.724
6.440 8914.483
6.450 8928.072
6.460 8941.703
6.470 8958.340
6.480 8972.755
6.490 8979.850
6.500 9001.504
6.510 9013.271
6.520 9023.821
6.530 9042.581
6.540 9058.400
6.550 9061.474
6.560 9078.098
6.570 9090.053
6.580 9109.065
6.590 9122.465
6.600 9137.478
6.610 9148.113
6.620 9163.609
6.630 9183.573
6.640 9191.609
6.650 9207.340
6.660 9218.949
6.670 9236.021
6.680 9249.911
6.690 9262.373
6.700 9272.546
6.710 9287.587
6.720 9303.533
6.730 9314.629
6.740 9332.343
6.750 9345.451
6.760 9354.324
6.770 9376.060
6.780 9385.903
6.790 9399.879
6.800 9411.078
6.810 9425.115
6.820 9442.967
6.830 9450.110
6.840 9462.364
6.850 9483.763
6.860 9498.206
6.870 9510.309
6.880 9532.637
6.890 9540.051
6.900 9552.001
6.910 9570.461
6.920 9577.718
6.930 9590.174
6.940 9612.896
6.950 9622.789
6.960 9639.243
6.970 9650.455
6.980 9663.611
6.990 9675.967
7.000 9694.077
7.010 9706.327
7.020 9718.725
7.030 9732.212
7.040 9753.390
7.050 9761.419
7.060 9769.769
7.070 9789.001
7.080 9806.490
7.090 9815.781
7.100 9830.082
7.110 9843.090
7.120 9858.990
7.130 9878.267
7.140 9894.757
7.150 9895.941
7.160 9914.499
7.170 9921.114
7.180 9939.790
7.190 9953.533
7.200 9968.594
7.210 9981.522
7.220 9997.341
7.230 10015.056
7.240 10026.810
7.250 10035.520
7.260 10053.431
7.270 10063.267
7.280 10076.733
7.290 10095.694
7.300 10104.885
7.310 10118.500
7.320 10135.879
7.330 10144.888
7.340 10161.028
7.350 10175.913
7.360 10193.839
7.370 10203.013
7.380 10221.780
7.390 10233.251
7.400 10247.085
7.410 10252.890
7.420 10272.492
7.430 10286.324
7.440 10298.240
7.450 10322.255
7.460 10328.618
7.470 10345.632
7.480 10350.043
7.490 10363.408
7.500 10381.459
7.510 10400.970
7.520 10417.041
7.530 10428.164
7.540 10440.109
7.550 10453.376
7.560 10466.969
7.570 10477.391
7.580 10494.550
7.590 10510.225
7.600 10521.992
7.610 10537.350
7.620 10553.370
7.630 10563.961
7.640 10583.737
7.650 10597.291
7.660 10609.063
7.670 10619.171
7.680 10637.175
7.690 10643.366
7.700 10667.310
7.710 10672.348
7.720 10685.740
7.730 10711.693
7.740 10715.788
7.750 10734.187
7.760 10739.787
7.770 10757.813
7.780 10768.596
7.790 10785.130
7.800 10797.900
7.810 10813.986
7.820 10824.879
7.830 10842.380
7.840 10855.368
7.850 10870.391
7.860 10884.895
7.870 10896.195
7.880 10908.417
7.890 10921.877
7.900 10939.842
7.910 10950.217
7.920 10967.970
7.930 10982.482
7.940 10995.808
7.950 11009.108
7.960 11030.472
7.970 11033.614
7.980 11053.379
7.990 11063.634
