0.01 96534
0.02 20924
0.03 13336
0.04 9235
0.05 5349
0.06 3549
0.07 2505
0.08 2035
0.09 1700
0.1 1449
0.11 1258
0.12 1028
0.13 943
0.14 782
0.15 750
0.16 638
0.17 572
0.18 539
0.19 536
0.2 446
0.21 391
0.22 400
0.23 381
0.24 343
0.25 332
0.26 319
0.27 293
0.28 283
0.29 261
0.3 267
0.31 220
0.32 216
0.33 219
0.34 206
0.35 237
0.36 204
0.37 239
0.38 190
0.39 193
0.4 178
0.41 159
0.42 169
0.43 174
0.44 174
0.45 146
0.46 158
0.47 148
0.48 156
0.49 158
0.5 147
0.51 130
0.52 150
0.53 129
0.54 130
0.55 113
0.56 122
0.57 114
0.58 99
0.59 126
0.6 126
0.61 134
0.62 123
0.63 116
0.64 130
0.65 104
0.66 126
0.67 91
0.68 100
0.69 112
0.7 108
0.71 109
0.72 113
0.73 91
0.74 77
0.75 75
0.76 91
0.77 79
0.78 84
0.79 97
0.8 93
0.81 94
0.82 90
0.83 92
0.84 104
0.85 90
0.86 95
0.87 76
0.88 106
0.89 78
0.9 67
0.91 90
0.92 84
0.93 81
0.94 94
0.95 81
0.96 75
0.97 63
0.98 77
0.99 84
1.0 86
1.01 96
1.02 101
1.03 69
1.04 91
1.05 93
1.06 63
1.07 95
1.08 60
1.09 74
1.1 77
1.11 70
1.12 79
1.13 75
1.14 90
1.15 71
1.16 89
1.17 74
1.18 85
1.19 71
1.2 48
1.21 87
1.22 81
1.23 71
1.24 57
1.25 85
1.26 84
1.27 67
1.28 71
1.29 71
1.3 79
1.31 56
1.32 80
1.33 74
1.34 73
1.35 75
1.36 57
1.37 66
1.38 77
1.39 69
1.4 71
1.41 60
1.42 65
1.43 64
1.44 70
1.45 54
1.46 80
1.47 63
1.48 74
1.49 73
1.5 54
1.51 68
1.52 67
1.53 83
1.54 63
1.55 71
1.56 78
1.57 64
1.58 72
1.59 53
1.6 61
1.61 76
1.62 89
1.63 66
1.64 75
1.65 93
1.66 81
1.67 87
1.68 77
1.69 83
1.7 98
1.71 90
1.72 89
1.73 91
1.74 93
1.75 96
1.76 92
1.77 95
1.78 86
1.79 91
1.8 89
1.81 80
1.82 91
1.83 122
1.84 95
1.85 113
1.86 123
1.87 120
1.88 121
1.89 116
1.9 148
1.91 137
1.92 128
1.93 160
1.94 142
1.95 156
1.96 168
1.97 154
1.98 24
1.99 2
2.0 0
2.01 0
2.02 0
2.03 0
2.04 0
2.05 0
2.06 0
2.07 0
2.08 0
2.09 0
2.1 0
2.11 0
2.12 0
2.13 0
2.14 0
2.15 0
2.16 0
2.17 0
2.18 0
2.19 0
2.2 0
