0.01 90168
0.02 19641
0.03 12544
0.04 8724
0.05 4979
0.06 3323
0.07 2414
0.08 1880
0.09 1529
0.1 1287
0.11 1095
0.12 951
0.13 878
0.14 746
0.15 647
0.16 584
0.17 569
0.18 483
0.19 460
0.2 428
0.21 417
0.22 354
0.23 373
0.24 306
0.25 265
0.26 290
0.27 254
0.28 244
0.29 240
0.3 235
0.31 210
0.32 209
0.33 205
0.34 204
0.35 158
0.36 195
0.37 166
0.38 172
0.39 194
0.4 150
0.41 159
0.42 133
0.43 162
0.44 131
0.45 115
0.46 137
0.47 141
0.48 118
0.49 101
0.5 139
0.51 115
0.52 103
0.53 108
0.54 100
0.55 93
0.56 96
0.57 84
0.58 87
0.59 92
0.6 95
0.61 75
0.62 79
0.63 101
0.64 80
0.65 79
0.66 74
0.67 85
0.68 73
0.69 77
0.7 83
0.71 113
0.72 84
0.73 72
0.74 67
0.75 69
0.76 59
0.77 55
0.78 70
0.79 57
0.8 62
0.81 59
0.82 64
0.83 61
0.84 54
0.85 55
0.86 76
0.87 58
0.88 60
0.89 57
0.9 51
0.91 66
0.92 61
0.93 63
0.94 54
0.95 61
0.96 63
0.97 58
0.98 55
0.99 55
1.0 45
1.01 46
1.02 47
1.03 49
1.04 48
1.05 51
1.06 59
1.07 45
1.08 42
1.09 55
1.1 39
1.11 53
1.12 43
1.13 50
1.14 51
1.15 56
1.16 42
1.17 49
1.18 51
1.19 73
1.2 54
1.21 59
1.22 56
1.23 49
1.24 51
1.25 49
1.26 36
1.27 34
1.28 31
1.29 40
1.3 41
1.31 41
1.32 41
1.33 45
1.34 37
1.35 48
1.36 46
1.37 46
1.38 35
1.39 41
1.4 53
1.41 43
1.42 48
1.43 40
1.44 37
1.45 45
1.46 37
1.47 29
1.48 38
1.49 32
1.5 51
1.51 43
1.52 39
1.53 40
1.54 37
1.55 26
1.56 44
1.57 27
1.58 36
1.59 36
1.6 44
1.61 37
1.62 36
1.63 30
1.64 31
1.65 50
1.66 37
1.67 41
1.68 35
1.69 36
1.7 40
1.71 27
1.72 37
1.73 37
1.74 43
1.75 38
1.76 34
1.77 30
1.78 32
1.79 38
1.8 36
1.81 28
1.82 32
1.83 36
1.84 31
1.85 38
1.86 31
1.87 37
1.88 18
1.89 24
1.9 30
1.91 29
1.92 36
1.93 24
1.94 30
1.95 33
1.96 27
1.97 32
1.98 35
1.99 32
2.0 45
2.01 27
2.02 33
2.03 36
2.04 26
2.05 28
2.06 43
2.07 27
2.08 24
2.09 26
2.1 37
2.11 33
2.12 29
2.13 30
2.14 28
2.15 36
2.16 31
2.17 22
2.18 31
2.19 25
2.2 28
2.21 26
2.22 32
2.23 37
2.24 36
2.25 27
2.26 29
2.27 43
2.28 35
2.29 23
2.3 35
2.31 36
2.32 26
2.33 36
2.34 20
2.35 38
2.36 31
2.37 31
2.38 26
2.39 38
2.4 31
2.41 29
2.42 39
2.43 44
2.44 32
2.45 32
2.46 27
2.47 27
2.48 38
2.49 26
2.5 32
2.51 17
2.52 28
2.53 34
2.54 38
2.55 27
2.56 27
2.57 35
2.58 23
2.59 21
2.6 29
2.61 30
2.62 25
2.63 33
2.64 33
2.65 25
2.66 27
2.67 23
2.68 30
2.69 36
2.7 18
2.71 40
2.72 29
2.73 27
2.74 32
2.75 28
2.76 30
2.77 22
2.78 32
2.79 33
2.8 28
2.81 27
2.82 23
2.83 21
2.84 20
2.85 29
2.86 26
2.87 27
2.88 24
2.89 30
2.9 27
2.91 30
2.92 27
2.93 27
2.94 26
2.95 32
2.96 42
2.97 26
2.98 33
2.99 36
3.0 31
3.01 20
3.02 25
3.03 21
3.04 22
3.05 25
3.06 16
3.07 20
3.08 30
3.09 26
3.1 22
3.11 24
3.12 32
3.13 34
3.14 27
3.15 28
3.16 33
3.17 26
3.18 22
3.19 29
3.2 27
3.21 32
3.22 29
3.23 26
3.24 24
3.25 27
3.26 28
3.27 21
3.28 29
3.29 39
3.3 32
3.31 18
3.32 22
3.33 26
3.34 33
3.35 34
3.36 26
3.37 41
3.38 22
3.39 23
3.4 27
3.41 25
3.42 28
3.43 20
3.44 31
3.45 32
3.46 33
3.47 37
3.48 25
3.49 24
3.5 34
3.51 32
3.52 31
3.53 27
3.54 32
3.55 28
3.56 29
3.57 33
3.58 25
3.59 34
3.6 33
3.61 26
3.62 26
3.63 32
3.64 26
3.65 32
3.66 36
3.67 26
3.68 18
3.69 28
3.7 38
3.71 25
3.72 35
3.73 30
3.74 30
3.75 30
3.76 29
3.77 31
3.78 29
3.79 34
3.8 19
3.81 50
3.82 30
3.83 37
3.84 35
3.85 36
3.86 33
3.87 37
3.88 30
3.89 35
3.9 31
3.91 28
3.92 31
3.93 30
3.94 35
3.95 41
3.96 35
3.97 44
3.98 25
3.99 32
4.0 34
4.01 46
4.02 26
4.03 41
4.04 31
4.05 43
4.06 38
4.07 32
4.08 29
4.09 36
4.1 47
4.11 35
4.12 49
4.13 42
4.14 36
4.15 37
4.16 45
4.17 44
4.18 41
4.19 40
4.2 32
4.21 40
4.22 40
4.23 48
4.24 53
4.25 42
4.26 53
4.27 49
4.28 43
4.29 42
4.3 43
4.31 56
4.32 56
4.33 49
4.34 53
4.35 53
4.36 46
4.37 38
4.38 50
4.39 68
4.4 51
4.41 52
4.42 55
4.43 55
4.44 56
4.45 51
4.46 58
4.47 60
4.48 75
4.49 74
4.5 65
4.51 70
4.52 72
4.53 74
4.54 64
4.55 62
4.56 83
4.57 71
4.58 73
4.59 87
4.6 81
4.61 89
4.62 84
4.63 85
4.64 82
4.65 89
4.66 105
4.67 132
4.68 98
4.69 111
4.7 109
4.71 32
4.72 0
4.73 0
4.74 0
4.75 0
4.76 0
4.77 0
4.78 0
4.79 0
4.8 0
4.81 0
4.82 0
4.83 0
4.84 0
4.85 0
4.86 0
4.87 0
4.88 0
4.89 0
4.9 0
4.91 0
4.92 0
4.93 0
4.94 0
4.95 0
4.96 0
4.97 0
4.98 0
4.99 0
5.0 0
