0.01 97446
0.02 20863
0.03 13465
0.04 9376
0.05 5491
0.06 3627
0.07 2731
0.08 2150
0.09 1795
0.1 1387
0.11 1224
0.12 1105
0.13 916
0.14 827
0.15 743
0.16 665
0.17 601
0.18 594
0.19 524
0.2 514
0.21 471
0.22 414
0.23 481
0.24 390
0.25 404
0.26 374
0.27 366
0.28 352
0.29 340
0.3 323
0.31 347
0.32 287
0.33 314
0.34 316
0.35 278
0.36 288
0.37 258
0.38 286
0.39 302
0.4 265
0.41 299
0.42 287
0.43 300
0.44 305
0.45 337
0.46 379
0.47 418
0.48 302
0.49 5
0.5 0
0.51 1
0.52 0
0.53 0
0.54 0
0.55 0
0.56 0
0.57 0
0.58 1
0.59 0
0.6 0
0.61 0
0.62 0
0.63 0
0.64 0
0.65 0
0.66 0
0.67 0
