0.01 925416
0.02 199876
0.03 127915
0.04 88616
0.05 51844
0.06 33716
0.07 24741
0.08 19513
0.09 15738
0.1 13171
0.11 11619
0.12 10114
0.13 8920
0.14 7741
0.15 6710
0.16 6179
0.17 5539
0.18 5196
0.19 4646
0.2 4275
0.21 3837
0.22 3715
0.23 3582
0.24 3278
0.25 3079
0.26 2905
0.27 2733
0.28 2643
0.29 2466
0.3 2379
0.31 2197
0.32 2218
0.33 2049
0.34 2021
0.35 1840
0.36 1834
0.37 1706
0.38 1729
0.39 1659
0.4 1598
0.41 1543
0.42 1463
0.43 1435
0.44 1387
0.45 1421
0.46 1351
0.47 1312
0.48 1235
0.49 1219
0.5 1227
0.51 1195
0.52 1188
0.53 1149
0.54 1138
0.55 1056
0.56 1057
0.57 1049
0.58 1009
0.59 1026
0.6 992
0.61 1006
0.62 945
0.63 956
0.64 1007
0.65 894
0.66 915
0.67 875
0.68 836
0.69 858
0.7 832
0.71 849
0.72 843
0.73 798
0.74 774
0.75 791
0.76 769
0.77 726
0.78 753
0.79 756
0.8 754
0.81 700
0.82 659
0.83 724
0.84 720
0.85 642
0.86 702
0.87 654
0.88 633
0.89 661
0.9 671
0.91 654
0.92 663
0.93 658
0.94 649
0.95 633
0.96 668
0.97 593
0.98 586
0.99 614
1.0 632
1.01 614
1.02 562
1.03 598
1.04 559
1.05 604
1.06 608
1.07 570
1.08 591
1.09 535
1.1 622
1.11 530
1.12 574
1.13 534
1.14 558
1.15 555
1.16 508
1.17 565
1.18 522
1.19 561
1.2 494
1.21 529
1.22 517
1.23 511
1.24 521
1.25 498
1.26 475
1.27 485
1.28 509
1.29 500
1.3 516
1.31 476
1.32 486
1.33 508
1.34 452
1.35 529
1.36 448
1.37 478
1.38 483
1.39 464
1.4 450
1.41 486
1.42 492
1.43 448
1.44 428
1.45 476
1.46 450
1.47 441
1.48 451
1.49 467
1.5 457
1.51 460
1.52 472
1.53 463
1.54 453
1.55 410
1.56 452
1.57 438
1.58 433
1.59 447
1.6 412
1.61 426
1.62 437
1.63 459
1.64 415
1.65 426
1.66 431
1.67 367
1.68 430
1.69 426
1.7 409
1.71 413
1.72 399
1.73 379
1.74 376
1.75 386
1.76 426
1.77 425
1.78 427
1.79 413
1.8 405
1.81 395
1.82 389
1.83 380
1.84 392
1.85 427
1.86 371
1.87 372
1.88 376
1.89 379
1.9 400
1.91 405
1.92 400
1.93 395
1.94 343
1.95 376
1.96 365
1.97 396
1.98 377
1.99 382
2.0 381
2.01 384
2.02 375
2.03 376
2.04 346
2.05 393
2.06 402
2.07 358
2.08 405
2.09 375
2.1 382
2.11 399
2.12 343
2.13 364
2.14 341
2.15 374
2.16 362
2.17 359
2.18 349
2.19 347
2.2 397
2.21 354
2.22 396
2.23 364
2.24 400
2.25 379
2.26 382
2.27 344
2.28 359
2.29 385
2.3 387
2.31 371
2.32 341
2.33 384
2.34 379
2.35 378
2.36 366
2.37 359
2.38 351
2.39 396
2.4 359
2.41 328
2.42 358
2.43 374
2.44 354
2.45 391
2.46 345
2.47 368
2.48 378
2.49 340
2.5 360
2.51 387
2.52 370
2.53 374
2.54 383
2.55 367
2.56 332
2.57 350
2.58 379
2.59 381
2.6 365
2.61 370
2.62 357
2.63 324
2.64 365
2.65 369
2.66 396
2.67 346
2.68 357
2.69 374
2.7 320
2.71 367
2.72 345
2.73 406
2.74 397
2.75 386
2.76 353
2.77 353
2.78 352
2.79 364
2.8 356
2.81 367
2.82 347
2.83 339
2.84 365
2.85 361
2.86 374
2.87 353
2.88 368
2.89 400
2.9 379
2.91 419
2.92 414
2.93 402
2.94 361
2.95 391
2.96 365
2.97 369
2.98 388
2.99 350
3.0 391
3.01 345
3.02 443
3.03 411
3.04 412
3.05 394
3.06 404
3.07 381
3.08 425
3.09 419
3.1 431
3.11 403
3.12 400
3.13 422
3.14 429
3.15 409
3.16 434
3.17 425
3.18 422
3.19 415
3.2 478
3.21 434
3.22 424
3.23 463
3.24 441
3.25 465
3.26 477
3.27 433
3.28 472
3.29 449
3.3 495
3.31 477
3.32 469
3.33 461
3.34 542
3.35 477
3.36 501
3.37 522
3.38 511
3.39 468
3.4 493
3.41 528
3.42 527
3.43 535
3.44 542
3.45 542
3.46 563
3.47 575
3.48 616
3.49 585
3.5 611
3.51 610
3.52 620
3.53 668
3.54 604
3.55 725
3.56 663
3.57 721
3.58 721
3.59 723
3.6 708
3.61 767
3.62 803
3.63 823
3.64 783
3.65 889
3.66 904
3.67 907
3.68 924
3.69 957
3.7 959
3.71 1041
3.72 1134
3.73 1125
3.74 1167
3.75 1290
3.76 1148
3.77 113
3.78 4
3.79 1
3.8 0
3.81 0
3.82 0
3.83 0
3.84 0
3.85 0
3.86 0
3.87 0
3.88 0
3.89 0
3.9 0
3.91 0
3.92 0
3.93 0
3.94 0
3.95 0
3.96 0
3.97 0
3.98 0
3.99 0
4.0 0
