0.01 966610
0.02 208958
0.03 133364
0.04 92748
0.05 54941
0.06 36099
0.07 26167
0.08 20322
0.09 16708
0.1 14237
0.11 12166
0.12 10509
0.13 9023
0.14 7994
0.15 7347
0.16 6422
0.17 5797
0.18 5381
0.19 5074
0.2 4655
0.21 4216
0.22 4052
0.23 3764
0.24 3612
0.25 3324
0.26 3228
0.27 2968
0.28 2871
0.29 2758
0.3 2711
0.31 2520
0.32 2543
0.33 2334
0.34 2252
0.35 2198
0.36 2092
0.37 2051
0.38 1940
0.39 1921
0.4 1910
0.41 1834
0.42 1737
0.43 1742
0.44 1745
0.45 1624
0.46 1680
0.47 1636
0.48 1568
0.49 1522
0.5 1382
0.51 1475
0.52 1368
0.53 1381
0.54 1397
0.55 1388
0.56 1352
0.57 1315
0.58 1228
0.59 1255
0.6 1207
0.61 1265
0.62 1204
0.63 1216
0.64 1132
0.65 1139
0.66 1157
0.67 1106
0.68 1057
0.69 1122
0.7 1052
0.71 1098
0.72 1063
0.73 1030
0.74 1064
0.75 1025
0.76 976
0.77 996
0.78 1043
0.79 1012
0.8 981
0.81 952
0.82 957
0.83 906
0.84 945
0.85 944
0.86 889
0.87 970
0.88 974
0.89 899
0.9 891
0.91 899
0.92 915
0.93 889
0.94 903
0.95 865
0.96 878
0.97 860
0.98 893
0.99 826
1.0 828
1.01 905
1.02 813
1.03 825
1.04 826
1.05 846
1.06 836
1.07 874
1.08 835
1.09 811
1.1 808
1.11 840
1.12 774
1.13 840
1.14 796
1.15 810
1.16 807
1.17 759
1.18 816
1.19 826
1.2 814
1.21 775
1.22 763
1.23 745
1.24 807
1.25 781
1.26 804
1.27 697
1.28 791
1.29 748
1.3 772
1.31 739
1.32 771
1.33 782
1.34 768
1.35 761
1.36 778
1.37 795
1.38 773
1.39 793
1.4 775
1.41 793
1.42 818
1.43 817
1.44 854
1.45 777
1.46 782
1.47 843
1.48 871
1.49 919
1.5 881
1.51 859
1.52 920
1.53 869
1.54 925
1.55 908
1.56 941
1.57 921
1.58 945
1.59 952
1.6 981
1.61 1041
1.62 989
1.63 1050
1.64 1089
1.65 1171
1.66 1130
1.67 1233
1.68 1218
1.69 1293
1.7 1359
1.71 1403
1.72 1408
1.73 1500
1.74 1547
1.75 1676
1.76 1742
1.77 1801
1.78 712
1.79 20
1.8 2
1.81 0
1.82 0
1.83 0
1.84 0
1.85 0
1.86 0
1.87 0
1.88 0
1.89 0
1.9 0
1.91 0
1.92 0
1.93 0
1.94 0
1.95 0
1.96 0
1.97 0
1.98 0
1.99 0
2.0 3
