0.255616 0.0413521 0.00452524 0.000606759 0.0048173 0.00195255 0.00121479 0.00050681 0.00574972 0.000270716 0.00265902 0.0199427 0.0221054 0.0137431 0.011444 0.0161404 0.102866 0.259361 0.0203385 7.17555e-05 0.000417431 0.000805062 0.000749709 0.000255528 0.000297062 0.00208001 0.00146929 0.00196948 0.00109562 0.00298709 0.00426233 0.000610976 0.000539765 0.0044342 0.000537219 0.00728185 0.0126798 0.0146129 0.0309293 0.0142308 0.00236285 0.00403501 0.00735371 0.00177534 0.0141052 0.131503 0.224856 1.22239 
0.814346 0.027943 0.0037142 0.00125969 0.000410303 0.000797335 2.77679e-05 0.00355225 0.0027535 9.77301e-05 0.00161326 0.00248629 0.00194388 0.0105952 0.0105324 0.0107427 0.0206441 0.0140828 0.00223886 0.0338801 0.00791833 0.224717 0.126546 0.0363534 0.00365095 0.00463905 0.00148234 0.011344 0.0118379 0.0166628 0.00200944 4.52049e-05 0.00159623 0.00105178 0.0145256 0.00962147 0.00185114 0.00593101 0.00235139 0.000782357 0.0088524 0.149588 0.0341157 0.0421122 0.148917 0.612456 0.0509097 
0.855807 0.0251451 0.000842607 0.0023903 0.00036878 0.000872607 0.000693582 0.00184684 0.00534038 0.000875084 0.00605691 0.00234442 0.00354252 0.00573129 0.00393837 0.0013545 0.00826426 0.00604467 0.0274609 0.0293209 0.0335091 0.106389 0.0412635 0.0184322 0.12266 0.0537385 0.0324041 0.000276488 0.000565463 0.00429114 0.00029505 0.00293835 0.00468585 0.00283492 0.00569989 0.00235571 0.0011238 0.00029291 0.0166626 0.00410751 0.00354567 0.0178708 0.000778093 0.117578 0.114244 0.162705 0.0137812 0.563112 0.0587923 
1.2467 0.0272864 0.000163494 0.000561036 0.00250428 0.00245352 0.000240902 0.00467315 0.000862539 0.00559954 0.00885974 0.00962708 0.0170451 0.0192432 0.0503817 0.182713 0.0307451 0.146173 0.231886 0.00488793 0.273907 0.231303 
0.415076 0.0235856 0.00348078 0.00104603 0.00255649 0.00217037 0.00468411 0.000438406 0.00540877 0.00231967 0.0106288 0.0109793 0.0152427 0.00248948 0.0101146 0.00215215 0.0232442 0.0387868 0.0538662 0.00592292 0.24684 0.0433738 0.0211281 0.00143038 0.000254594 0.000509676 0.0019897 0.000389934 0.00289079 0.000205255 0.00243752 0.0038374 0.00114659 0.00180806 0.00658815 0.00572239 0.00873064 0.00313136 0.00369834 0.0138087 0.00765602 0.0102909 0.00118137 0.0632767 0.00720921 0.00786117 0.0553441 0.2756 1.06293 
0.931709 0.0596792 0.0142273 0.00398197 0.00197429 0.0204875 0.0342777 0.0607551 0.0247708 0.226618 0.0635559 0.0581417 0.000811943 0.000697805 0.000830323 0.00145469 0.00735262 0.0159013 0.00204804 0.0294531 0.00624543 0.00415928 0.0364394 0.109847 0.23631 0.546293 
0.423875 0.0318121 0.000459462 0.00197525 0.0010247 0.00308234 0.00162271 0.00715673 0.00347596 0.000637244 0.00374446 0.000404705 0.00452052 0.0180605 0.00404766 0.0032512 0.0411885 0.0518654 0.0151534 0.0628526 0.155642 0.0457677 0.00131505 0.0494234 0.041915 0.00111269 0.00808932 0.000925973 0.00213803 0.00959419 0.0112202 0.0201097 0.0337732 0.0200813 0.019467 0.0799824 0.0338389 0.0582529 0.169213 1.05413 
0.331363 0.0417141 0.00582425 0.00084334 0.000221912 0.00261822 0.00418682 0.00273779 0.0139296 0.0104143 0.0209433 0.00707849 0.00580948 0.00455774 0.0185741 0.0122424 0.225275 0.0122333 0.120187 0.0316537 0.000147698 0.00220887 0.00140948 9.47181e-05 0.00495064 0.00385237 0.00553354 0.00507095 0.0155324 0.0131562 0.00575208 0.0191846 0.0297911 0.0198762 0.00622831 0.273504 0.071145 1.14664 
0.737633 0.0241641 0.000141828 0.00265448 0.0015744 0.0031768 0.000326831 0.00214808 0.00414797 0.000637502 0.00415373 0.00785651 0.0117716 0.0138588 0.0241954 0.00654104 0.0100685 0.0262423 0.0153876 0.0153568 0.0696001 0.010454 0.253487 0.0406961 0.00501431 0.000257123 0.0051604 0.00612977 0.0136935 0.00186124 0.00191901 0.00938867 0.0061141 0.0169828 0.060101 0.00522914 0.0253511 0.312354 0.740369 
1.09457 0.0929689 0.00750773 0.0151998 0.0220749 0.0508651 0.231155 0.0903091 0.0326182 0.00450951 0.00488956 0.000578898 0.00137068 0.00867802 0.000506659 0.00885927 0.0177803 0.0227711 0.0116716 0.0781959 0.0196913 0.00219554 0.032054 0.102288 0.160721 0.383435 
0.685668 0.039917 0.00337691 0.00194503 0.00632219 0.0131172 0.000299977 0.000519064 0.0056218 0.00307998 0.0195823 0.0534495 0.00515579 0.0285816 0.328446 0.0316824 0.00465103 0.000573907 0.00282218 0.0016398 0.000299879 0.000746046 0.00546996 0.0013948 0.00391647 0.0144438 0.00878541 0.0332756 0.0347239 0.0110664 0.102699 0.10095 0.150772 0.792334 
0.567482 0.0433377 0.000156212 0.00596033 0.00150944 0.00341667 0.00512989 0.000653578 0.00594261 0.00322709 0.0202865 0.0061425 0.0537411 0.119453 0.0904427 0.150848 0.0323033 0.00115669 0.0042901 0.00244178 0.00750154 0.0103851 0.00326444 0.0006497 0.0025878 0.011874 0.0136488 0.0246497 0.013346 0.12476 0.245163 0.0119253 0.91052 
0.4366 0.0260474 0.000336476 0.00141469 0.00319048 0.000714252 0.00323462 5.89798e-05 0.00220454 0.000416 0.00526427 0.00279518 0.00931165 0.00237556 0.0168868 0.0179762 0.0134086 0.0182752 0.00839595 0.0108151 0.0649656 0.0253654 0.274749 0.0485044 0.00467381 0.000507554 0.00135872 0.0144739 0.0188551 0.00677992 0.015139 0.0611067 0.00646508 0.0186802 0.190344 0.00280597 0.120289 1.0414 
0.342707 0.0322074 0.00456624 0.000741914 0.00260561 0.000175541 0.00045089 0.00526307 0.00367129 0.000553714 0.0115508 0.0105767 0.0174533 0.0452195 0.00496437 0.00728782 0.0316087 0.317653 0.0131023 0.03393 0.00399105 0.00111468 0.000161986 0.00230628 0.00337222 0.00623505 0.000113878 0.000782696 0.000140397 0.00467279 0.000302293 0.00366768 0.0149897 0.00416117 0.0071195 0.00708969 0.00163792 0.00728441 0.034537 0.134973 0.183603 0.0528259 1.13529 
0.561107 0.0238941 0.000555851 0.00291945 0.00255408 0.00236553 0.00223676 0.000910186 0.00243384 0.00306028 0.00329815 0.00623484 0.0113196 0.0119744 0.00349262 0.00455817 0.0028058 0.00206059 0.00301609 0.0128681 0.0221949 0.032776 0.00757036 0.00109009 0.0250861 0.0551497 0.261193 0.0280876 0.00112928 0.002333 0.00169973 0.00135447 0.00531515 0.000741517 0.00272548 0.00870097 0.000358515 0.00032807 0.00448842 0.0148769 0.0280554 0.0129538 0.0111231 0.0471495 0.0762309 0.262264 0.916896 
1.01508 0.0289767 0.00188216 0.000261346 0.00335222 0.000147681 0.00333734 0.000673209 0.00225252 0.00740248 0.00248699 0.00422854 0.00530338 0.0104157 0.00846582 0.00238854 0.03085 0.00392865 0.0234549 0.0519917 0.10757 0.0724582 0.134309 0.00234595 0.0756324 0.00314158 0.0265904 0.0580781 0.02904 0.317595 0.462922 
0.491217 0.0316641 0.00172889 0.00526699 0.00259914 0.00771625 0.0107176 0.000655317 0.00979611 0.00388673 0.00391763 0.0231894 0.0233221 0.103861 0.021526 0.259286 0.0343726 0.00455635 0.00184146 0.000560177 0.000631836 0.00664921 0.00596436 0.00825971 0.000146494 0.00777111 0.0191477 0.00447369 0.01012 0.0415066 0.00379099 0.0373999 0.094076 0.228101 0.986786 
0.900035 0.0248587 0.00177827 0.00386785 0.0046687 0.0018415 0.00350966 0.00012814 0.00425476 0.00683989 0.0015498 0.00671648 0.00958668 0.000967015 0.0236927 0.00337608 0.035815 0.0246766 0.00888035 0.341512 0.0309102 0.000161193 0.0030562 0.00344325 0.00169762 0.00717277 0.00654809 0.00502395 0.00177402 0.00195498 0.0209532 0.0166057 0.0252095 0.0773509 0.0981786 0.0213888 0.0020809 0.0681065 0.117736 0.577968 
0.695523 0.0242379 1.78119e-05 0.00428924 0.00121511 0.00286686 0.000450225 0.0029735 0.00425252 0.00104577 0.00645028 0.000850181 0.00650107 3.08522e-07 0.00548103 0.00435523 0.0246075 0.0319045 0.0866219 0.022663 0.0228225 0.255195 0.0331035 0.00388991 0.00128402 0.00281026 0.0113135 0.0133404 0.00184746 0.0103253 0.0126575 0.0152018 0.00346497 0.00973437 0.0693349 0.321672 0.782479 
0.569616 0.0299468 0.00227268 0.00188164 0.00189505 0.00337653 0.00100884 0.0033631 0.00216431 0.0087478 0.0017227 0.000886905 0.00480315 0.0168798 0.0250854 0.0303763 0.00212054 0.054095 0.00241844 0.172673 0.142242 0.0267688 0.00280417 0.00446349 0.00346851 0.00679692 0.00928721 0.00134382 0.000184365 0.00255578 0.0102653 0.000614239 0.00155296 0.0205713 0.033594 0.00760415 0.0176136 0.00587059 0.00415892 0.00804727 0.267702 0.0734946 0.908387 
0.538659 0.0395993 0.00539806 0.00411507 5.77994e-05 0.00463507 0.00487002 0.00168814 0.0145157 0.00382501 0.0179173 0.00565693 0.0277812 0.066885 0.0191102 0.105732 0.00124915 0.0384305 0.0805123 0.0679462 0.0479881 0.0023638 0.00827239 0.0123171 0.00255214 0.0117613 0.0035057 0.0100547 0.0173944 0.0668038 0.0165752 0.0101144 0.30028 0.939344 
0.618229 0.0280516 0.000198736 0.00225417 0.00148065 0.0019588 0.00395885 0.00166746 0.00159072 0.00127092 0.00690964 0.00190773 0.0022575 0.0136875 0.00578767 0.00431582 0.00924678 0.0269398 0.0398591 0.000603928 0.125645 0.0845551 0.26926 0.0461415 0.00330174 0.00307216 0.0129539 0.0116419 0.00609632 0.0074605 0.00645362 0.0448506 0.0626225 0.0291498 0.0212168 0.00217596 0.230066 0.0661312 0.859773 
0.67504 0.0486805 0.00843116 0.0179074 0.0237012 0.00110944 0.00400653 0.0616818 0.0170049 0.0115245 0.0105647 0.193183 0.111934 0.050688 0.00185879 0.00827782 0.0166546 0.0336106 0.0342073 0.127109 0.00801787 0.149985 0.057227 0.0218401 0.802963 
0.715057 0.0318653 0.00167617 0.00458814 0.00758225 0.00015231 0.00124856 0.00868221 0.0126214 0.020689 0.0420856 0.0251109 0.0032312 0.0160826 0.0768532 0.256958 0.0286437 0.000113846 0.00181147 0.00218439 0.00302403 0.00247473 0.00441881 0.000201918 8.39028e-05 0.00331942 0.00467608 0.00393783 0.00339432 0.00134017 0.00239765 0.0162029 0.0249161 0.00684216 0.03816 0.202279 0.158626 0.762945 
0.320805 0.0215182 0.000539509 0.000241028 0.000446101 0.00164181 0.00527057 0.000532277 0.00402741 0.000439194 0.000496749 0.00435364 0.00311326 0.00276208 0.0168424 0.00476548 0.0234891 0.0123974 0.0256253 0.0110065 0.0275563 0.1345 0.206091 0.033681 0.000446213 0.002878 0.00359944 0.00154456 0.00487972 0.0053075 0.00122406 0.0101845 0.0213397 0.0249595 0.00403596 0.00468128 0.00322901 0.0272933 0.00227853 0.0252315 0.333106 1.1572 
1.22105 0.0424973 0.00106124 0.00638129 0.00115751 0.0027818 0.0105006 0.0157832 0.000316869 0.00234646 0.0150344 0.0537568 0.20262 0.155469 0.0421683 0.00148545 0.00051525 0.00819512 0.0124049 0.0027904 0.00218238 0.00314904 0.00123239 0.0281157 0.0377103 0.143398 0.0768604 0.0917119 0.0583015 0.256947 
0.801662 0.0292178 0.000933692 0.000656561 0.00207908 0.00168809 0.0045986 0.00277098 0.00493082 0.000540337 0.0105498 0.0181872 0.00519072 0.0248385 0.0479602 0.0798695 0.031202 0.244177 0.039429 0.0003152 0.000333145 0.000814315 0.00505865 0.00676694 0.00419509 0.0025681 0.00410353 0.00809953 0.0118582 0.00287679 0.030028 0.00400002 0.00852397 0.00255805 0.113342 0.264504 0.676341 
0.48393 0.0370437 0.00373462 0.00490584 0.00958964 0.00335197 0.00299734 0.00971843 0.0107259 0.0238405 0.0475956 0.0136947 0.0493329 0.132363 0.0403454 0.00120102 0.00161788 0.00814427 0.00626267 0.00760249 0.0145197 0.0263819 0.0438002 0.0490582 0.436801 0.508933 0.994072 
0.208384 0.028702 0.000612241 0.00304144 0.00192246 0.00506351 0.00137397 0.00586443 0.0101005 0.00247644 0.01259 0.00843507 0.032727 0.126568 0.0020253 0.267378 0.0430317 0.00198292 0.00427456 0.00190973 0.00622527 0.00500209 0.00594346 0.0210797 0.0299272 0.0732474 0.317669 1.0269 0.242708 
0.800612 0.0613625 0.00441131 0.0251515 0.0444943 0.010952 0.00518617 0.0523425 0.0447449 0.143154 0.0712288 0.0266242 0.0203529 0.0289644 0.000796267 0.0014983 0.000387375 0.00113288 0.00314379 0.0021569 0.00575706 0.00769292 0.00915715 0.0181582 0.0013126 0.0239809 0.0680538 0.0283607 0.19317 0.0391294 0.0770681 0.67739 
0.567358 0.0333616 0.00398795 0.00664055 0.00525681 0.00768537 0.00463988 0.00549895 0.0108224 0.0231212 0.0300648 0.0296618 0.0245809 0.227973 0.0280371 0.0671349 0.0379329 0.00504852 0.00254058 0.000435736 0.0067233 0.00830508 0.00531585 0.00881428 0.00151685 0.0161872 0.0303121 0.00699708 0.0706741 0.242042 0.0662824 0.910644 
0.812741 0.0212822 0.00128698 0.00246043 8.15917e-05 0.00029356 0.00266666 0.00261616 0.00377132 0.00117577 0.00420246 0.00133561 0.00611001 0.00150417 0.00121167 0.00383793 0.00833521 0.0211273 0.0371174 0.0217972 0.00758187 0.165497 0.020223 0.104229 0.0695247 0.0288611 4.7734e-05 0.00588195 0.00335342 0.000305371 0.00602426 0.00716795 0.00202461 0.000195801 0.0115256 0.0179385 0.0127121 0.0644447 0.0161309 0.0430085 0.0310689 0.258123 0.665261 
1.00665 0.0352714 0.000702636 0.0068469 0.007596 0.010011 0.00184625 0.012867 0.00490997 0.0118668 0.0109587 0.055431 0.0256251 0.325235 0.0289756 0.000216483 0.00256918 0.000704265 0.00207537 0.00151289 0.00419528 0.00157158 0.00658935 0.00107112 0.000983639 0.00292841 0.00968996 0.00360401 0.0225477 0.00334108 0.00149069 0.0197322 0.031292 0.0854795 0.278204 0.471355 
0.900637 0.0239628 0.000300371 0.00157787 0.00213701 0.00329537 0.000326202 0.0017051 0.00350264 0.0056688 0.00787102 5.4356e-05 0.00626108 0.00105136 0.0103177 0.00687881 0.0157644 0.0490656 0.00817272 0.0575084 0.200237 0.0531648 0.0502035 0.0556272 0.000813234 0.00839237 0.00079023 0.0137887 0.00268514 0.0244364 0.020179 0.0742136 0.00577511 0.303331 0.577365 
0.787585 0.04625 0.00339426 0.00485413 0.00712408 0.00239866 0.0169077 0.0337254 0.0672919 0.0207371 0.0574285 0.249895 0.0322359 0.00392775 0.00485782 0.00611334 0.00764501 0.00152758 0.0129287 0.00919698 0.00287219 0.0310922 0.032518 0.0652005 0.0639247 0.139613 0.00672822 0.0898515 0.690417 
1.25887 0.0208527 0.00174388 0.00177523 0.000164309 0.000317766 0.00113037 0.000361909 0.00239313 0.00135215 0.0032129 0.00137024 0.00171335 0.000651355 0.0050514 0.000398873 0.00501848 0.00505847 8.5387e-05 0.000582587 0.00578438 0.013362 0.0272161 0.0275811 0.00183902 0.0189103 0.0378995 0.322859 0.0316425 0.000887535 0.00476294 0.00636499 0.00765749 0.00835829 0.00157607 0.0103353 0.0196266 0.00920797 0.0090873 0.0944393 0.02677 0.00558427 0.00069578 0.0200009 0.252399 0.219129 
0.945501 0.0253307 0.0019306 0.00217714 0.000327156 0.00253049 0.00456372 0.00318222 0.00604679 0.000921572 0.00622338 0.00247057 0.015017 0.000935202 0.000682491 0.0170109 0.00315646 0.00190493 0.0100334 0.0567402 0.0224087 0.00980778 0.0143823 0.267378 0.034111 0.0363519 0.00447942 0.00962321 0.0119599 0.00683715 0.00863081 0.014401 0.00103473 0.0175471 0.0231969 0.0852516 0.140283 0.0800614 0.0700436 0.532501 
0.358348 0.0368838 0.000666139 0.000962801 0.000444554 0.000532789 0.00224112 0.00430522 0.00887617 0.000409806 0.00257177 0.00682317 0.00520507 0.00388079 0.0224783 0.021371 0.000247445 0.0187771 0.00460437 0.0738754 0.186175 0.108288 0.0335043 0.00110526 0.00436625 0.00699559 0.00342425 0.000571332 0.0124317 0.017883 0.0152238 0.00385765 0.0116217 0.0294207 0.0188317 0.024678 0.290668 0.0350915 0.933728 0.185635 
0.296793 0.0372714 0.00552769 0.000571392 0.00340409 0.0028305 0.00627009 0.0086573 0.00588946 0.0206944 0.046648 0.145766 0.225629 0.0297708 0.000518674 0.00139094 0.00390928 0.00516384 0.00739955 0.0098921 0.000546478 0.000338558 0.0022294 0.0155162 0.0119844 0.000139582 0.00719614 0.0105424 0.0015117 0.0338697 0.0374441 0.00743264 0.0141802 0.0533382 0.141592 0.113135 1.18121 
0.770865 0.0318675 0.000659599 0.00471436 0.00265367 0.00179792 0.00391087 0.00121613 0.0125877 0.0116803 0.00051275 0.0105108 0.0304534 0.0282719 0.0899168 0.108689 0.00253564 0.0814125 0.0241286 0.0252307 0.170426 0.0397113 0.00409268 0.000942512 0.00619111 0.000816901 0.000144329 0.00120225 0.0076447 0.00315415 0.00624573 0.0128158 0.0146831 0.0118676 0.0417872 0.13899 0.209236 0.00454154 0.0602401 0.0802681 0.0733109 0.0125961 0.239975 0.467149 
0.651956 0.030823 0.000507406 0.0005403 0.00178946 0.000822415 8.33894e-05 0.00314129 0.00331793 0.00350545 0.00924166 0.000714647 0.0111544 0.00190555 0.00900143 0.0327196 0.00955559 0.0953701 0.295971 0.0988382 0.0147557 0.0675261 0.234231 0.0409625 0.0537637 0.318641 0.507392 
0.868317 0.0540757 0.00763578 0.00729241 0.00850347 0.00121388 0.00203307 0.00236266 0.0288131 0.0596016 0.0610775 0.00608475 0.0334089 0.00121358 0.221258 0.0148397 0.0357601 0.00534386 0.00700508 0.00580776 0.0123143 0.0144156 0.00236725 0.00474424 0.0120009 0.00537796 0.0109848 0.0283435 0.00476703 0.0214669 0.334222 0.00419405 0.609685 
0.986584 0.0485583 0.00646792 0.00561918 0.0050802 0.00251547 0.0212276 0.0307824 0.0771738 0.00248408 0.310401 0.0626947 0.00190137 0.0219033 0.0341033 0.00447768 0.072954 0.0256381 0.119368 0.167001 0.491419 
0.288761 0.0331022 0.000284128 0.00441485 0.000334214 0.00135332 0.00553407 0.00123714 0.000751105 0.00788697 0.01402 0.024387 0.0354908 0.0594842 0.20405 0.117341 0.0237199 0.00240179 0.00085013 0.000262204 0.00345879 0.00379658 0.0032132 0.00104722 0.00494914 0.00669367 0.00655432 0.00888574 0.00528648 0.0251726 0.00123714 0.0085471 0.0350624 0.00140949 0.0159082 0.0213 0.238517 0.0907626 1.18924 
0.612329 0.0313978 0.00321798 0.00324276 0.00376509 0.00179854 0.000137941 0.00576001 0.00924575 0.00167811 0.00797375 0.0102368 0.0280314 0.0438318 0.0665725 0.293092 0.024836 0.00182482 0.00177272 0.00234668 0.00285199 0.000293957 0.00122824 0.00158341 6.47826e-05 0.00195923 0.000607366 0.0019622 0.000120227 0.00143949 0.00524709 0.00236596 0.0105684 0.000973752 0.000374095 0.017638 0.000601396 0.00531261 0.012798 0.00200198 0.00250277 0.00538341 0.0126287 0.0317871 0.014932 0.0241265 0.0187406 0.000737585 0.0201928 0.0749339 0.20213 0.865674 
1.28319 0.0396561 0.00223033 0.000542764 0.00669363 0.00217834 0.00116005 0.00278748 0.0061388 0.0197651 0.0421948 0.0259973 0.173767 0.0980958 0.0882069 0.0299037 0.00305496 0.00427402 0.00593378 0.000849814 0.00314079 0.0093006 0.0150599 0.000368553 0.00662141 0.0152973 0.0243241 0.0206634 0.0198562 0.0345712 0.269014 0.0477021 0.194812 
0.47498 0.0240154 0.00125263 0.00317592 0.000747312 0.00184503 0.00505946 0.000868282 0.00332488 0.00794049 0.00224559 0.00853764 0.00967655 0.00365984 0.0197905 0.000454181 0.0105881 0.0548927 0.214408 0.134437 0.0302575 0.00358352 0.00594852 0.00170126 0.00155988 0.00868223 0.0118186 0.017313 0.0326275 0.000110092 0.0578766 0.337968 1.00302 
0.844978 0.0291546 0.00392768 0.00313961 0.000779324 0.00238869 0.000816406 0.000995063 0.0078989 0.010458 6.5923e-05 0.0157642 0.00929811 0.0209965 0.0126757 0.060258 0.117348 0.0794873 0.0160847 0.00297886 0.115389 0.0327073 0.00563368 0.00470536 0.00749737 0.00471807 4.71914e-05 0.00511087 0.00329833 0.0131852 0.0222561 0.0333711 0.00213508 0.0352265 0.286904 0.0526014 0.633025 
1.07379 0.038874 0.00227229 0.00781028 0.00118624 0.010281 0.0138012 0.0302035 0.0329227 0.0890148 0.0370354 0.0675588 0.178213 0.0271993 0.00163824 0.000248458 0.00342079 0.00200772 0.00149719 0.00343194 0.00525723 0.000504195 1.86336e-05 0.001867 0.000612654 0.000316857 0.00179068 0.00063416 0.0100002 0.0173017 0.00292835 0.000565303 0.0038377 0.000287946 0.0128124 0.027681 0.00614322 0.0408007 0.0694712 0.00762008 0.0357855 0.0613321 0.161057 0.404208 
0.437557 0.0389508 0.000631294 0.00219928 0.00644239 0.00087226 0.0123099 0.000108154 0.00105027 0.00629528 0.0232033 0.0262363 0.0195641 0.00431494 0.00213858 0.00158385 0.0533087 0.000570721 0.309303 0.0523151 0.00324999 0.0140093 0.0208604 0.00101043 0.0409878 0.0221695 0.0155981 0.282032 0.026487 0.0304534 1.04045 
0.792847 0.0292338 0.00322863 0.000911978 0.00136593 0.00394672 0.000792379 0.00202443 0.00344235 0.00390646 0.0085055 0.00458171 0.0198287 0.0183657 0.0014533 0.00505523 0.00648275 0.00599232 0.0845848 0.305088 0.0495996 0.010952 0.0148961 0.0161805 0.0261438 0.00501826 0.104886 0.282665 0.685155 
0.721477 0.0275179 0.000244964 0.000242733 0.000423404 0.0010496 0.00364165 0.00406878 0.00386796 0.00319311 0.00220242 0.000404974 0.000128716 0.00559567 0.00408409 0.00131701 0.00960213 0.0211003 0.0282239 0.00838006 0.105719 0.0222523 0.007002 0.129955 0.118763 0.0622849 0.000259755 0.00631899 0.0101231 0.00450444 0.0280859 0.0389458 0.185654 0.0474549 0.126114 0.756525 
0.296032 0.0250162 5.20026e-05 0.00109811 0.00129659 6.20369e-05 0.0013038 0.000358153 0.0054688 0.00903177 0.000970081 4.52617e-05 0.0104377 0.00422201 0.0128999 0.000962644 0.00117623 0.0270075 0.0252533 0.121329 0.259179 0.0313664 0.000567237 0.00170953 0.00457736 0.00769765 0.00951508 0.0121007 0.000754556 0.0116247 0.0184102 0.042506 0.0222527 0.113952 0.232971 1.18197 
0.9085 0.0344101 0.000454735 1.15485e-05 0.00406156 0.00144283 7.47705e-06 0.00616749 0.00584118 0.00320478 0.00955896 2.18128e-05 0.0049659 0.0215446 0.000466424 0.0033294 0.0525507 0.0525692 0.30821 0.0214691 0.00306145 0.000662238 8.5356e-06 0.000824509 0.0031467 0.000563732 0.00260672 0.0042071 0.0014723 0.00246548 0.00278287 0.00630292 0.00945064 0.00309467 0.0190824 0.0113721 0.0239683 0.022032 0.0659432 0.0223866 0.0602378 0.0525266 0.169627 0.529921 0.0392901 
1.09495 0.0268274 0.00107631 0.00388152 4.38112e-05 0.00567851 0.006215 0.00749716 0.00283641 0.000659425 0.006403 0.00164043 0.00188525 0.00126398 0.00789857 0.00334748 0.0046515 0.00636718 0.0328322 0.0428003 0.0578631 0.287115 0.0317605 0.0038272 0.00294042 0.000993976 0.000689451 0.00635517 0.00826539 2.30856e-05 0.00377102 0.0139779 0.00645354 0.0013864 0.00779005 0.0373471 0.099542 0.284838 0.383049 
1.00389 0.0219485 0.000825874 0.00143062 0.00131003 0.000186368 0.00351319 0.00286202 0.0057502 0.00220679 0.00154371 0.00511822 0.00501213 0.00425268 0.00906075 0.00596808 0.00123173 0.0278328 0.0460109 0.167817 0.194064 0.0306709 0.00337377 0.00182237 0.00307723 0.00541591 0.00269762 0.00233466 0.00132522 0.00132998 0.00597654 0.00281391 0.0112772 0.0162895 0.000698473 0.0321263 0.00345567 0.0126476 0.0284265 0.00250204 0.113395 0.107241 0.0402057 0.00829639 0.0710523 0.474111 
0.624846 0.0500614 0.00354079 0.0161996 0.0257169 0.0532087 0.05504 0.000889928 0.305128 0.0381102 0.00482327 0.00358469 0.00715081 0.00370259 0.0129425 0.00878195 0.0254302 9.92616e-05 0.00720329 0.0269438 0.118895 0.0292365 0.222805 0.853156 
1.16506 0.0355889 0.00495645 0.00418963 0.00168364 0.00391746 0.00728594 0.0037314 0.0178994 0.0343289 0.00605025 0.0376941 0.00769958 0.00853278 0.000913215 0.00954497 0.00259554 0.118059 0.205267 0.0220057 0.0014956 0.00158354 0.00281146 0.00211723 0.00305725 0.00409941 0.00327736 0.00072042 0.0015577 0.00596042 0.00472454 0.00895489 0.00833623 0.0140039 0.0261742 0.00682199 0.0288739 0.162544 0.200775 0.312938 
1.18669 0.0237563 3.54179e-05 0.00243065 0.000294391 0.000552232 0.000888279 0.0007733 0.0027451 0.00095613 0.00346996 0.00440848 0.00043614 0.00664383 0.00672048 0.011723 0.00154655 0.00952859 0.00225734 0.00286577 0.0242207 0.0372262 0.22325 0.0362408 0.10576 0.0271046 0.00183536 0.0014246 0.00240585 0.00361074 0.00117621 0.00564835 0.00866667 0.0102724 0.00835235 0.00361147 0.00841242 0.0307484 0.0347508 0.170903 0.0432934 0.0306947 0.0101068 0.101821 0.00451656 0.291308 
0.966432 0.0279942 0.00347903 0.000446209 0.00464419 0.00285723 0.000636578 0.000811996 0.00451051 0.00040636 0.000773234 0.00593124 0.00798624 0.00517071 0.00350819 0.0262113 0.00617025 0.0176856 0.0660771 0.173736 0.149735 0.028105 0.000111417 0.000719764 0.000411163 0.00305185 0.00177797 0.00166538 0.00237551 0.000620781 0.00345074 0.0040087 0.00645421 0.01044 0.0037155 0.00452862 0.00737241 0.0333433 0.023643 0.0462242 0.327871 0.51157 
0.912061 0.0346067 0.00047574 0.00391581 0.00253254 0.00135277 0.00273982 5.01149e-05 0.000503998 0.00549225 0.0134229 0.00091605 0.000461579 0.00613412 0.00615728 0.000195173 0.00266621 0.0243406 0.00344784 0.0274297 0.00674123 0.10392 0.260981 0.0351638 5.72386e-05 0.000756931 0.00431125 0.00783583 0.000789733 0.000741633 0.00861621 0.000571945 0.00100833 0.00742546 0.000875352 0.0268194 0.0110992 0.00890971 0.0179876 0.00553021 0.060711 0.0787091 0.197868 0.0327087 0.353656 0.212271 
0.683702 0.0358025 0.00322312 0.00277226 0.000841156 0.00874162 0.0122769 0.0161734 0.0223633 0.0117451 0.00814697 0.00609891 0.0132289 0.0277068 0.197836 0.0264973 0.0438428 0.0723508 0.0288845 0.00150303 0.00295739 0.00024616 0.00378381 0.001589 0.00543959 0.00364474 0.00592087 0.00895137 0.00219029 0.0146959 0.0120972 0.0438679 0.0115807 0.0184125 0.029247 0.206257 0.108375 0.7943 
0.361216 0.0278583 4.47855e-05 0.000318911 0.000573856 0.00258136 0.00319442 0.00220518 0.00339002 0.00144459 0.00101681 0.00542352 0.00856014 0.00960507 0.000865669 0.0194178 0.0250906 0.0650711 0.00826939 0.00166226 0.322754 0.0236809 0.00265518 0.00232983 0.00192677 0.00110586 0.000188653 0.000331905 9.00691e-06 0.000320426 0.00550954 0.0106623 0.0111167 0.00761913 0.0141228 0.0219705 0.0555353 0.0735314 0.193785 0.0823836 1.11679 
0.139788 0.0327448 0.00424399 0.000435244 0.00177482 0.00317183 0.00405497 0.00285743 0.00695549 0.0103831 0.000347736 0.0119338 0.0355991 0.0967192 0.00958026 0.0884996 0.0736244 0.0563218 0.0690197 0.0528473 0.000961468 0.00629814 0.00127553 0.00426314 0.021885 0.0272057 0.0251857 0.0353214 0.334802 0.738007 0.600198 
0.485923 0.0302869 0.000976405 0.0035657 0.00438327 0.00310558 0.00515583 0.0102514 0.000832644 0.0188901 0.0303971 0.0538853 0.0175713 0.070707 0.259142 0.0234389 0.000794346 0.00169616 0.00281132 0.00241497 0.000773133 0.00181184 0.00492555 0.000376396 0.000142484 0.0072047 0.00867355 0.00932142 0.0105527 0.0269227 0.00118344 0.0171162 0.044334 0.257594 0.0878322 0.992079 
0.333741 0.0403683 0.000599421 5.87334e-05 0.00165304 0.00239078 0.0095667 0.0121301 0.0187352 0.0387527 0.00677151 0.00692236 0.0042665 0.0493961 0.0583425 0.260272 0.0331038 0.000594494 0.00387758 0.00173322 0.00660205 0.0102961 0.000110901 0.00191262 0.000540589 0.0174694 0.00611408 0.0188389 0.0155805 0.0445954 0.00202813 0.0142975 0.106388 0.0357175 0.18982 1.14426 
0.148068 0.0279211 0.00362701 0.000392758 0.0012693 0.00436047 0.00580633 0.00260466 0.00849833 0.0067164 0.00248496 0.0189443 0.00837714 0.0290519 0.0907243 0.220424 0.0648687 0.0135854 0.0226358 0.00108844 0.000610857 0.00242624 0.00271178 0.00220153 0.00434034 0.00447592 0.0164158 0.00295713 0.00647714 0.00374451 0.00383091 0.00329239 0.00890717 0.0170817 0.0259157 0.0251515 0.0728997 0.281896 1.32993 
0.252252 0.0458817 0.00703547 0.0121249 0.0209078 0.0379026 0.0783251 0.308185 0.02004 5.1985e-05 0.000514505 0.000675572 0.000277697 0.000230881 0.00157511 0.000468888 0.00229105 0.00205193 0.00180759 0.000369634 0.000606484 0.000347909 0.00435349 9.61503e-05 0.00531835 0.00504941 0.00183011 0.00833747 0.00887893 0.0128734 0.00623238 0.0186309 0.0651536 0.285604 0.00198963 0.053584 1.22575 
0.349445 0.0266757 0.000245244 0.00299765 0.000243332 0.000945945 0.000598659 0.00425703 0.00555111 0.00328007 0.00436438 0.00969612 0.0135498 0.012655 0.020951 0.066801 0.0229982 0.0749335 0.106909 0.131414 0.022731 0.00238801 0.00216993 0.000365196 2.36619e-06 0.00167568 0.00340061 0.00247648 0.00239641 0.000306171 0.00573125 0.00654156 0.00939329 0.00173838 0.0132054 0.0205164 0.00682141 0.0207218 0.00254166 0.0486516 0.00592173 0.15239 0.0286719 0.149352 1.12856 
0.45722 0.0227122 0.000306937 0.000468963 0.00106461 0.00165671 0.00243485 0.00246182 0.00280694 0.00542796 0.00658165 0.0105261 0.00570791 0.0232095 0.0174798 0.0356913 0.0514725 0.318814 0.0279709 0.00343217 0.000220005 0.00238119 0.00404806 0.00316899 0.00582213 0.00491114 0.00942353 0.0034858 0.0056987 0.000596006 0.0166081 0.0140216 0.0228464 0.071349 0.0648776 0.0350242 0.213741 1.02078 
0.698741 0.0480667 0.000433166 0.00340851 0.000801532 0.01088 0.000671394 0.00995607 0.0186725 0.00808815 0.0343776 0.00133816 0.00826118 0.0896434 0.00668523 0.268678 0.0553876 0.000880843 0.000181447 0.0110773 0.021948 0.0212488 0.0676043 0.0166149 0.315098 0.779261 
0.445982 0.0233073 0.00112899 0.00147986 0.000393066 0.00218772 7.32819e-05 0.00238308 0.000175437 0.00232932 0.00470076 0.00310177 0.00178066 0.000429997 0.00735657 0.00747599 0.00381224 0.010515 0.0165405 0.0150908 0.00713529 0.0175712 0.0346446 0.153757 0.191929 0.0673007 0.00908753 0.00177377 0.0145793 0.0122209 0.0627229 0.0637395 0.278639 0.118375 0.913631 
