0.01 220096
0.03 42830
0.05 16994
0.07 8628
0.09 5646
0.11 4180
0.13 3177
0.15 2474
0.17 2089
0.19 1773
0.21 1514
0.23 1314
0.25 1168
0.27 1071
0.29 955
0.31 847
0.33 815
0.35 760
0.37 614
0.39 623
0.41 564
0.43 599
0.45 525
0.47 515
0.49 453
0.51 454
0.53 398
0.55 421
0.57 414
0.59 411
0.61 373
0.63 366
0.65 360
0.67 346
0.69 308
0.71 343
0.73 320
0.75 330
0.77 318
0.79 271
0.81 264
0.83 272
0.85 265
0.87 265
0.89 247
0.91 257
0.93 246
0.95 260
0.97 264
0.99 239
1.01 251
1.03 233
1.05 230
1.07 222
1.09 208
1.11 209
1.13 216
1.15 223
1.17 192
1.19 209
1.21 188
1.23 168
1.25 184
1.27 204
1.29 193
1.31 176
1.33 192
1.35 170
1.37 185
1.39 195
1.41 185
1.43 192
1.45 173
1.47 168
1.49 156
1.51 162
1.53 147
1.55 178
1.57 184
1.59 157
1.61 154
1.63 159
1.65 155
1.67 163
1.69 166
1.71 169
1.73 162
1.75 167
1.77 141
1.79 156
1.81 159
1.83 152
1.85 143
1.87 169
1.89 140
1.91 175
1.93 146
1.95 153
1.97 158
1.99 140
2.01 138
2.03 146
2.05 122
2.07 143
2.09 157
2.11 150
2.13 129
2.15 143
2.17 157
2.19 153
2.21 160
2.23 131
2.25 93
2.27 148
2.29 134
2.31 140
2.33 150
2.35 129
2.37 155
2.39 102
2.41 154
2.43 146
2.45 112
2.47 128
2.49 130
2.51 119
2.53 133
2.55 132
2.57 121
2.59 124
2.61 132
2.63 134
2.65 122
2.67 116
2.69 129
2.71 147
2.73 119
2.75 133
2.77 143
2.79 125
2.81 119
2.83 133
2.85 141
2.87 145
2.89 138
2.91 119
2.93 134
2.95 126
2.97 135
2.99 125
3.01 136
3.03 139
3.05 138
3.07 145
3.09 117
3.11 140
3.13 144
3.15 135
3.17 144
3.19 145
3.21 155
3.23 126
3.25 130
3.27 146
3.29 161
3.31 135
3.33 149
3.35 136
3.37 152
3.39 135
3.41 134
3.43 147
3.45 160
3.47 145
3.49 150
3.51 149
3.53 178
3.55 134
3.57 126
3.59 171
3.61 180
3.63 150
3.65 177
3.67 143
3.69 166
3.71 190
3.73 163
3.75 162
3.77 186
3.79 171
3.81 186
3.83 200
3.85 192
3.87 214
3.89 205
3.91 228
3.93 231
3.95 260
3.97 234
3.99 244
4.01 278
4.03 248
4.05 296
4.07 303
4.09 303
4.11 360
4.13 349
4.15 410
4.17 461
4.19 403
4.21 5
4.23 0
4.25 0
4.27 0
4.29 0
4.31 0
4.33 0
4.35 0
4.37 0
4.39 0
4.41 0
4.43 0
4.45 0
4.47 0
4.49 0
4.51 0
4.53 0
4.55 0
4.57 0
4.59 0
4.61 0
4.63 0
4.65 0
4.67 0
4.69 0
4.71 0
4.73 0
4.75 0
4.77 0
4.79 0
4.81 0
4.83 0
4.85 0
4.87 0
4.89 0
4.91 0
4.93 0
4.95 0
4.97 0
4.99 0
5.01 0
5.03 0
5.05 0
5.07 0
5.09 0
5.11 0
5.13 0
5.15 0
5.17 0
5.19 0
5.21 0
5.23 0
5.25 0
5.27 0
5.29 0
5.31 0
5.33 0
5.35 0
5.37 0
5.39 0
5.41 0
5.43 0
5.45 0
5.47 0
5.49 0
5.51 0
5.53 0
5.55 0
5.57 0
5.59 0
5.61 0
5.63 0
5.65 0
5.67 0
5.69 0
5.71 0
5.73 0
5.75 0
5.77 0
5.79 0
5.81 0
5.83 0
5.85 0
5.87 0
5.89 0
5.91 0
5.93 0
5.95 0
5.97 0
5.99 0
6.01 0
6.03 0
6.05 0
6.07 0
6.09 0
6.11 0
6.13 0
6.15 0
6.17 0
6.19 0
6.21 0
6.23 0
6.25 0
6.27 0
6.29 0
6.31 0
6.33 0
6.35 0
6.37 0
6.39 0
6.41 0
6.43 0
6.45 0
6.47 0
6.49 0
6.51 0
6.53 0
6.55 0
6.57 0
6.59 0
6.61 0
6.63 0
6.65 0
6.67 0
6.69 0
6.71 0
6.73 0
6.75 0
6.77 0
6.79 0
6.81 0
6.83 0
6.85 0
6.87 0
6.89 0
6.91 0
6.93 0
6.95 0
6.97 0
6.99 0
7.01 0
7.03 0
7.05 0
7.07 0
7.09 0
7.11 0
7.13 0
7.15 0
7.17 0
7.19 0
7.21 0
7.23 0
7.25 0
7.27 0
7.29 0
7.31 0
7.33 0
7.35 0
7.37 0
7.39 0
7.41 0
7.43 0
7.45 0
7.47 0
7.49 0
7.51 0
7.53 0
7.55 0
7.57 0
7.59 0
7.61 0
7.63 0
7.65 0
7.67 0
7.69 0
7.71 0
7.73 0
7.75 0
7.77 0
7.79 0
7.81 0
7.83 0
7.85 0
7.87 0
7.89 0
7.91 0
7.93 0
7.95 0
7.97 0
7.99 0
8.01 0
8.03 0
8.05 0
8.07 0
8.09 0
8.11 0
8.13 0
8.15 0
8.17 0
8.19 0
8.21 0
8.23 0
8.25 0
8.27 0
8.29 0
8.31 0
8.33 0
8.35 0
8.37 0
8.39 0
8.41 0
8.43 0
8.45 0
8.47 0
8.49 0
8.51 0
8.53 0
8.55 0
8.57 0
8.59 0
8.61 0
8.63 0
8.65 0
8.67 0
8.69 0
8.71 0
8.73 0
8.75 0
8.77 0
8.79 0
8.81 0
8.83 0
8.85 0
8.87 0
8.89 0
8.91 0
8.93 0
8.95 0
8.97 0
8.99 0
9.01 0
9.03 0
9.05 0
9.07 0
9.09 0
9.11 0
9.13 0
9.15 0
9.17 0
9.19 0
9.21 0
9.23 0
9.25 0
9.27 0
9.29 0
9.31 0
9.33 0
9.35 0
9.37 0
9.39 0
9.41 0
9.43 0
9.45 0
9.47 0
9.49 0
9.51 0
9.53 0
9.55 0
9.57 0
9.59 0
9.61 0
9.63 0
9.65 0
9.67 0
9.69 0
9.71 0
9.73 0
9.75 0
9.77 0
9.79 0
9.81 0
9.83 0
9.85 0
9.87 0
9.89 0
9.91 0
9.93 0
9.95 0
9.97 0
9.99 0
10.01 0
10.03 0
10.05 0
10.07 0
10.09 0
10.11 0
10.13 0
10.15 0
10.17 0
10.19 0
10.21 0
10.23 0
10.25 0
10.27 0
10.29 0
10.31 0
10.33 0
10.35 0
10.37 0
10.39 0
10.41 0
10.43 0
10.45 0
10.47 0
10.49 0
10.51 0
10.53 0
10.55 0
10.57 0
10.59 0
10.61 0
10.63 0
10.65 0
10.67 0
10.69 0
10.71 0
10.73 0
10.75 0
10.77 0
10.79 0
10.81 0
10.83 0
10.85 0
10.87 0
10.89 0
10.91 0
10.93 0
10.95 0
10.97 0
10.99 0
11.01 0
11.03 0
11.05 0
11.07 0
11.09 0
11.11 0
11.13 0
11.15 0
11.17 0
11.19 0
11.21 0
11.23 0
11.25 0
11.27 0
11.29 0
11.31 0
11.33 0
11.35 0
11.37 0
11.39 0
11.41 0
11.43 0
11.45 0
11.47 0
11.49 0
11.51 0
11.53 0
11.55 0
11.57 0
11.59 0
11.61 0
11.63 0
11.65 0
11.67 0
11.69 0
11.71 0
11.73 0
11.75 0
11.77 0
11.79 0
11.81 0
11.83 0
11.85 0
11.87 0
11.89 0
11.91 0
11.93 0
11.95 0
11.97 0
11.99 0
