0.01 97665
0.02 21054
0.03 13545
0.04 9324
0.05 5625
0.06 3708
0.07 2573
0.08 2058
0.09 1714
0.1 1481
0.11 1214
0.12 1041
0.13 914
0.14 790
0.15 739
0.16 594
0.17 636
0.18 618
0.19 518
0.2 485
0.21 429
0.22 415
0.23 429
0.24 415
0.25 347
0.26 365
0.27 339
0.28 329
0.29 322
0.3 310
0.31 296
0.32 253
0.33 244
0.34 286
0.35 266
0.36 252
0.37 256
0.38 224
0.39 209
0.4 220
0.41 208
0.42 221
0.43 213
0.44 197
0.45 189
0.46 201
0.47 184
0.48 180
0.49 187
0.5 200
0.51 160
0.52 190
0.53 180
0.54 187
0.55 189
0.56 192
0.57 172
0.58 183
0.59 205
0.6 175
0.61 166
0.62 194
0.63 182
0.64 172
0.65 155
0.66 164
0.67 151
0.68 182
0.69 176
0.7 182
0.71 169
0.72 191
0.73 165
0.74 202
0.75 188
0.76 200
0.77 194
0.78 235
0.79 232
0.8 278
0.81 303
0.82 206
0.83 16
0.84 1
0.85 0
0.86 0
0.87 0
0.88 0
0.89 0
0.9 0
0.91 0
0.92 0
0.93 0
0.94 0
0.95 0
0.96 0
0.97 0
0.98 0
0.99 0
1.0 0
1.01 0
1.02 0
1.03 0
1.04 0
1.05 0
1.06 0
1.07 0
1.08 0
1.09 0
1.1 0
