0.01 96088
0.02 20763
0.03 13319
0.04 9095
0.05 5595
0.06 3511
0.07 2534
0.08 2050
0.09 1638
0.1 1367
0.11 1201
0.12 1075
0.13 912
0.14 823
0.15 691
0.16 645
0.17 573
0.18 558
0.19 480
0.2 443
0.21 431
0.22 398
0.23 351
0.24 314
0.25 341
0.26 298
0.27 275
0.28 249
0.29 273
0.3 232
0.31 233
0.32 252
0.33 215
0.34 241
0.35 202
0.36 202
0.37 186
0.38 192
0.39 192
0.4 174
0.41 169
0.42 164
0.43 172
0.44 154
0.45 168
0.46 170
0.47 145
0.48 156
0.49 158
0.5 155
0.51 151
0.52 128
0.53 142
0.54 128
0.55 110
0.56 111
0.57 125
0.58 123
0.59 120
0.6 96
0.61 119
0.62 102
0.63 103
0.64 105
0.65 81
0.66 112
0.67 109
0.68 86
0.69 93
0.7 88
0.71 92
0.72 101
0.73 83
0.74 91
0.75 99
0.76 105
0.77 89
0.78 100
0.79 95
0.8 87
0.81 85
0.82 89
0.83 91
0.84 72
0.85 81
0.86 77
0.87 98
0.88 84
0.89 73
0.9 82
0.91 69
0.92 72
0.93 85
0.94 81
0.95 78
0.96 79
0.97 82
0.98 76
0.99 89
1.0 68
1.01 71
1.02 75
1.03 72
1.04 72
1.05 72
1.06 84
1.07 69
1.08 65
1.09 74
1.1 64
1.11 67
1.12 63
1.13 69
1.14 75
1.15 74
1.16 74
1.17 63
1.18 60
1.19 50
1.2 64
1.21 79
1.22 59
1.23 65
1.24 76
1.25 81
1.26 78
1.27 75
1.28 57
1.29 63
1.3 70
1.31 67
1.32 55
1.33 65
1.34 55
1.35 77
1.36 57
1.37 62
1.38 53
1.39 62
1.4 62
1.41 60
1.42 60
1.43 56
1.44 65
1.45 76
1.46 74
1.47 72
1.48 68
1.49 51
1.5 78
1.51 56
1.52 57
1.53 60
1.54 60
1.55 66
1.56 49
1.57 49
1.58 55
1.59 52
1.6 68
1.61 56
1.62 57
1.63 56
1.64 59
1.65 62
1.66 72
1.67 62
1.68 69
1.69 82
1.7 53
1.71 63
1.72 75
1.73 54
1.74 62
1.75 60
1.76 71
1.77 66
1.78 63
1.79 66
1.8 62
1.81 78
1.82 47
1.83 55
1.84 72
1.85 63
1.86 66
1.87 58
1.88 78
1.89 70
1.9 67
1.91 63
1.92 70
1.93 57
1.94 64
1.95 57
1.96 65
1.97 77
1.98 83
1.99 60
2.0 62
2.01 72
2.02 86
2.03 84
2.04 71
2.05 83
2.06 75
2.07 94
2.08 84
2.09 94
2.1 90
2.11 99
2.12 122
2.13 90
2.14 107
2.15 101
2.16 101
2.17 115
2.18 102
2.19 122
2.2 110
2.21 139
2.22 134
2.23 137
2.24 139
2.25 160
2.26 173
2.27 105
2.28 4
2.29 0
2.3 0
2.31 0
2.32 0
2.33 0
2.34 0
2.35 0
2.36 0
2.37 0
2.38 0
2.39 0
2.4 0
2.41 0
2.42 0
2.43 0
2.44 0
2.45 0
2.46 0
2.47 0
2.48 0
2.49 0
2.5 0
