0.01 806135
0.02 175030
0.03 111180
0.04 77773
0.05 45453
0.06 30076
0.07 21578
0.08 16820
0.09 13749
0.1 11492
0.11 9987
0.12 8638
0.13 7733
0.14 6824
0.15 6036
0.16 5287
0.17 4742
0.18 4375
0.19 4016
0.2 3814
0.21 3425
0.22 3292
0.23 3058
0.24 2817
0.25 2530
0.26 2487
0.27 2424
0.28 2264
0.29 2079
0.3 2075
0.31 1971
0.32 1819
0.33 1823
0.34 1748
0.35 1629
0.36 1519
0.37 1463
0.38 1407
0.39 1433
0.4 1357
0.41 1261
0.42 1164
0.43 1170
0.44 1178
0.45 1156
0.46 1033
0.47 1095
0.48 1037
0.49 1006
0.5 1022
0.51 970
0.52 951
0.53 908
0.54 949
0.55 878
0.56 849
0.57 804
0.58 843
0.59 776
0.6 796
0.61 772
0.62 770
0.63 741
0.64 738
0.65 713
0.66 698
0.67 727
0.68 725
0.69 687
0.7 618
0.71 661
0.72 628
0.73 594
0.74 601
0.75 628
0.76 597
0.77 596
0.78 581
0.79 603
0.8 607
0.81 542
0.82 546
0.83 536
0.84 535
0.85 562
0.86 539
0.87 557
0.88 571
0.89 476
0.9 500
0.91 494
0.92 473
0.93 471
0.94 506
0.95 491
0.96 484
0.97 459
0.98 442
0.99 465
1.0 449
1.01 492
1.02 433
1.03 412
1.04 454
1.05 434
1.06 440
1.07 447
1.08 446
1.09 431
1.1 412
1.11 389
1.12 424
1.13 406
1.14 418
1.15 383
1.16 415
1.17 356
1.18 399
1.19 399
1.2 373
1.21 389
1.22 369
1.23 394
1.24 395
1.25 376
1.26 374
1.27 349
1.28 362
1.29 385
1.3 341
1.31 349
1.32 377
1.33 336
1.34 388
1.35 358
1.36 391
1.37 340
1.38 340
1.39 349
1.4 350
1.41 314
1.42 350
1.43 367
1.44 330
1.45 326
1.46 356
1.47 300
1.48 332
1.49 309
1.5 319
1.51 306
1.52 295
1.53 288
1.54 326
1.55 270
1.56 298
1.57 301
1.58 311
1.59 313
1.6 274
1.61 299
1.62 296
1.63 260
1.64 336
1.65 275
1.66 298
1.67 279
1.68 295
1.69 302
1.7 280
1.71 297
1.72 275
1.73 284
1.74 324
1.75 274
1.76 302
1.77 311
1.78 299
1.79 269
1.8 257
1.81 293
1.82 272
1.83 306
1.84 246
1.85 261
1.86 252
1.87 257
1.88 260
1.89 260
1.9 263
1.91 279
1.92 256
1.93 253
1.94 282
1.95 270
1.96 263
1.97 262
1.98 285
1.99 275
2.0 265
2.01 238
2.02 284
2.03 304
2.04 261
2.05 255
2.06 243
2.07 251
2.08 241
2.09 240
2.1 280
2.11 247
2.12 262
2.13 260
2.14 244
2.15 270
2.16 238
2.17 251
2.18 259
2.19 260
2.2 272
2.21 236
2.22 262
2.23 232
2.24 300
2.25 226
2.26 205
2.27 250
2.28 242
2.29 252
2.3 246
2.31 231
2.32 246
2.33 256
2.34 242
2.35 245
2.36 251
2.37 242
2.38 230
2.39 228
2.4 227
2.41 236
2.42 225
2.43 230
2.44 230
2.45 213
2.46 227
2.47 224
2.48 215
2.49 229
2.5 231
2.51 247
2.52 209
2.53 227
2.54 225
2.55 230
2.56 216
2.57 219
2.58 249
2.59 201
2.6 251
2.61 214
2.62 215
2.63 223
2.64 215
2.65 249
2.66 195
2.67 252
2.68 208
2.69 203
2.7 202
2.71 235
2.72 208
2.73 224
2.74 217
2.75 229
2.76 236
2.77 217
2.78 209
2.79 228
2.8 228
2.81 219
2.82 206
2.83 213
2.84 232
2.85 211
2.86 233
2.87 225
2.88 188
2.89 191
2.9 244
2.91 205
2.92 215
2.93 203
2.94 209
2.95 196
2.96 219
2.97 216
2.98 224
2.99 206
3.0 210
3.01 216
3.02 197
3.03 201
3.04 206
3.05 206
3.06 217
3.07 208
3.08 202
3.09 193
3.1 217
3.11 223
3.12 200
3.13 187
3.14 215
3.15 193
3.16 190
3.17 221
3.18 222
3.19 180
3.2 221
3.21 209
3.22 206
3.23 236
3.24 186
3.25 217
3.26 193
3.27 194
3.28 179
3.29 226
3.3 188
3.31 186
3.32 209
3.33 203
3.34 204
3.35 180
3.36 194
3.37 206
3.38 187
3.39 194
3.4 205
3.41 214
3.42 180
3.43 192
3.44 179
3.45 179
3.46 227
3.47 186
3.48 207
3.49 182
3.5 180
3.51 177
3.52 194
3.53 178
3.54 183
3.55 186
3.56 215
3.57 169
3.58 186
3.59 174
3.6 203
3.61 177
3.62 193
3.63 212
3.64 206
3.65 180
3.66 203
3.67 165
3.68 188
3.69 186
3.7 194
3.71 194
3.72 186
3.73 187
3.74 195
3.75 201
3.76 197
3.77 212
3.78 198
3.79 173
3.8 178
3.81 185
3.82 196
3.83 199
3.84 189
3.85 181
3.86 165
3.87 190
3.88 180
3.89 194
3.9 190
3.91 184
3.92 183
3.93 183
3.94 193
3.95 216
3.96 197
3.97 209
3.98 191
3.99 188
4.0 185
4.01 188
4.02 187
4.03 177
4.04 199
4.05 186
4.06 180
4.07 194
4.08 198
4.09 168
4.1 204
4.11 184
4.12 185
4.13 198
4.14 190
4.15 177
4.16 170
4.17 195
4.18 202
4.19 190
4.2 171
4.21 166
4.22 175
4.23 176
4.24 188
4.25 189
4.26 175
4.27 178
4.28 157
4.29 165
4.3 179
4.31 186
4.32 184
4.33 188
4.34 170
4.35 206
4.36 171
4.37 192
4.38 183
4.39 186
4.4 187
4.41 181
4.42 161
4.43 197
4.44 190
4.45 180
4.46 187
4.47 171
4.48 176
4.49 176
4.5 183
4.51 194
4.52 191
4.53 194
4.54 169
4.55 199
4.56 189
4.57 157
4.58 195
4.59 157
4.6 185
4.61 167
4.62 137
4.63 191
4.64 186
4.65 185
4.66 170
4.67 169
4.68 189
4.69 181
4.7 159
4.71 185
4.72 188
4.73 162
4.74 187
4.75 161
4.76 176
4.77 202
4.78 169
4.79 184
4.8 169
4.81 194
4.82 177
4.83 187
4.84 171
4.85 167
4.86 166
4.87 155
4.88 162
4.89 185
4.9 173
4.91 186
4.92 168
4.93 166
4.94 190
4.95 164
4.96 192
4.97 164
4.98 176
4.99 183
5.0 177
5.01 187
5.02 226
5.03 203
5.04 175
5.05 170
5.06 167
5.07 175
5.08 171
5.09 202
5.1 188
5.11 172
5.12 166
5.13 185
5.14 170
5.15 199
5.16 167
5.17 189
5.18 179
5.19 178
5.2 171
5.21 173
5.22 184
5.23 161
5.24 176
5.25 167
5.26 199
5.27 185
5.28 177
5.29 178
5.3 157
5.31 175
5.32 164
5.33 170
5.34 214
5.35 172
5.36 166
5.37 180
5.38 154
5.39 197
5.4 152
5.41 182
5.42 175
5.43 224
5.44 186
5.45 185
5.46 161
5.47 163
5.48 182
5.49 190
5.5 154
5.51 161
5.52 171
5.53 171
5.54 176
5.55 196
5.56 168
5.57 201
5.58 171
5.59 197
5.6 172
5.61 149
5.62 150
5.63 185
5.64 186
5.65 172
5.66 164
5.67 183
5.68 172
5.69 183
5.7 201
5.71 173
5.72 189
5.73 183
5.74 190
5.75 170
5.76 183
5.77 202
5.78 183
5.79 167
5.8 202
5.81 195
5.82 190
5.83 174
5.84 154
5.85 161
5.86 196
5.87 167
5.88 203
5.89 188
5.9 187
5.91 166
5.92 181
5.93 178
5.94 185
5.95 180
5.96 165
5.97 212
5.98 177
5.99 187
6.0 172
6.01 214
6.02 181
6.03 189
6.04 224
6.05 161
6.06 210
6.07 195
6.08 186
6.09 205
6.1 188
6.11 203
6.12 187
6.13 200
6.14 189
6.15 185
6.16 209
6.17 173
6.18 199
6.19 181
6.2 198
6.21 197
6.22 182
6.23 186
6.24 215
6.25 178
6.26 183
6.27 190
6.28 192
6.29 189
6.3 190
6.31 206
6.32 208
6.33 199
6.34 183
6.35 208
6.36 175
6.37 207
6.38 204
6.39 204
6.4 211
6.41 215
6.42 185
6.43 208
6.44 194
6.45 199
6.46 196
6.47 217
6.48 215
6.49 231
6.5 183
6.51 191
6.52 234
6.53 218
6.54 244
6.55 193
6.56 211
6.57 212
6.58 214
6.59 233
6.6 209
6.61 199
6.62 217
6.63 205
6.64 221
6.65 230
6.66 222
6.67 213
6.68 238
6.69 216
6.7 227
6.71 231
6.72 228
6.73 207
6.74 246
6.75 208
6.76 207
6.77 236
6.78 218
6.79 210
6.8 248
6.81 237
6.82 248
6.83 233
6.84 245
6.85 219
6.86 221
6.87 259
6.88 234
6.89 239
6.9 271
6.91 272
6.92 242
6.93 262
6.94 268
6.95 248
6.96 269
6.97 254
6.98 268
6.99 250
7.0 280
7.01 255
7.02 258
7.03 246
7.04 305
7.05 282
7.06 243
7.07 251
7.08 260
7.09 281
7.1 265
7.11 266
7.12 302
7.13 256
7.14 279
7.15 250
7.16 313
7.17 303
7.18 314
7.19 301
7.2 306
7.21 318
7.22 296
7.23 347
7.24 286
7.25 287
7.26 304
7.27 288
7.28 291
7.29 325
7.3 347
7.31 317
7.32 339
7.33 352
7.34 345
7.35 362
7.36 377
7.37 354
7.38 372
7.39 380
7.4 367
7.41 392
7.42 425
7.43 392
7.44 393
7.45 358
7.46 408
7.47 421
7.48 460
7.49 467
7.5 438
7.51 439
7.52 470
7.53 492
7.54 501
7.55 501
7.56 477
7.57 476
7.58 509
7.59 496
7.6 580
7.61 540
7.62 588
7.63 560
7.64 602
7.65 631
7.66 676
7.67 659
7.68 676
7.69 731
7.7 735
7.71 764
7.72 817
7.73 804
7.74 842
7.75 834
7.76 233
7.77 10
7.78 2
7.79 0
7.8 0
7.81 0
7.82 0
7.83 0
7.84 0
7.85 0
7.86 0
7.87 0
7.88 0
7.89 0
7.9 0
7.91 0
7.92 0
7.93 0
7.94 0
7.95 0
7.96 0
7.97 0
7.98 0
7.99 0
8.0 2
