0.01 97603
0.02 21131
0.03 13504
0.04 9358
0.05 5576
0.06 3669
0.07 2595
0.08 2105
0.09 1712
0.1 1430
0.11 1244
0.12 1081
0.13 946
0.14 807
0.15 760
0.16 717
0.17 642
0.18 598
0.19 509
0.2 510
0.21 475
0.22 453
0.23 417
0.24 407
0.25 408
0.26 364
0.27 363
0.28 357
0.29 338
0.3 325
0.31 279
0.32 306
0.33 273
0.34 276
0.35 284
0.36 265
0.37 259
0.38 242
0.39 211
0.4 233
0.41 230
0.42 208
0.43 253
0.44 208
0.45 225
0.46 213
0.47 229
0.48 231
0.49 237
0.5 227
0.51 186
0.52 180
0.53 237
0.54 220
0.55 197
0.56 227
0.57 246
0.58 231
0.59 240
0.6 263
0.61 276
0.62 278
0.63 328
0.64 304
0.65 20
0.66 0
0.67 0
0.68 0
0.69 0
0.7 0
0.71 0
0.72 0
0.73 0
0.74 0
0.75 0
0.76 0
0.77 0
0.78 0
0.79 0
0.8 0
0.81 0
0.82 0
0.83 0
0.84 0
