0.01 869870
0.02 187614
0.03 119544
0.04 83218
0.05 48841
0.06 31912
0.07 23250
0.08 17812
0.09 14726
0.1 12268
0.11 10710
0.12 9353
0.13 8182
0.14 7116
0.15 6367
0.16 5589
0.17 5189
0.18 4703
0.19 4462
0.2 4058
0.21 3829
0.22 3519
0.23 3185
0.24 3022
0.25 2954
0.26 2746
0.27 2488
0.28 2438
0.29 2214
0.3 2184
0.31 2048
0.32 1957
0.33 1895
0.34 1843
0.35 1789
0.36 1605
0.37 1598
0.38 1539
0.39 1469
0.4 1475
0.41 1429
0.42 1401
0.43 1378
0.44 1241
0.45 1148
0.46 1237
0.47 1185
0.48 1127
0.49 1053
0.5 1104
0.51 1059
0.52 1068
0.53 1002
0.54 1041
0.55 954
0.56 893
0.57 912
0.58 926
0.59 858
0.6 862
0.61 823
0.62 821
0.63 797
0.64 793
0.65 835
0.66 792
0.67 736
0.68 773
0.69 706
0.7 764
0.71 728
0.72 759
0.73 759
0.74 638
0.75 665
0.76 749
0.77 687
0.78 694
0.79 651
0.8 638
0.81 642
0.82 586
0.83 674
0.84 591
0.85 570
0.86 575
0.87 572
0.88 616
0.89 603
0.9 604
0.91 578
0.92 610
0.93 559
0.94 503
0.95 574
0.96 540
0.97 549
0.98 542
0.99 528
1.0 542
1.01 503
1.02 528
1.03 512
1.04 511
1.05 526
1.06 501
1.07 466
1.08 491
1.09 487
1.1 484
1.11 483
1.12 467
1.13 503
1.14 440
1.15 483
1.16 442
1.17 472
1.18 490
1.19 425
1.2 441
1.21 420
1.22 444
1.23 450
1.24 408
1.25 405
1.26 399
1.27 432
1.28 415
1.29 434
1.3 426
1.31 401
1.32 415
1.33 382
1.34 398
1.35 382
1.36 380
1.37 410
1.38 399
1.39 401
1.4 353
1.41 359
1.42 369
1.43 386
1.44 420
1.45 374
1.46 384
1.47 376
1.48 398
1.49 377
1.5 360
1.51 343
1.52 401
1.53 386
1.54 375
1.55 369
1.56 356
1.57 375
1.58 346
1.59 358
1.6 390
1.61 359
1.62 354
1.63 363
1.64 323
1.65 383
1.66 353
1.67 378
1.68 311
1.69 315
1.7 335
1.71 354
1.72 325
1.73 345
1.74 332
1.75 345
1.76 331
1.77 324
1.78 337
1.79 341
1.8 323
1.81 321
1.82 337
1.83 319
1.84 309
1.85 312
1.86 349
1.87 309
1.88 338
1.89 303
1.9 348
1.91 318
1.92 308
1.93 326
1.94 297
1.95 274
1.96 281
1.97 304
1.98 308
1.99 334
2.0 332
2.01 320
2.02 291
2.03 291
2.04 291
2.05 303
2.06 307
2.07 295
2.08 272
2.09 283
2.1 301
2.11 295
2.12 289
2.13 315
2.14 319
2.15 268
2.16 316
2.17 295
2.18 278
2.19 259
2.2 283
2.21 261
2.22 270
2.23 266
2.24 298
2.25 303
2.26 271
2.27 270
2.28 255
2.29 278
2.3 267
2.31 267
2.32 295
2.33 260
2.34 276
2.35 282
2.36 309
2.37 260
2.38 284
2.39 278
2.4 258
2.41 252
2.42 263
2.43 297
2.44 261
2.45 286
2.46 260
2.47 257
2.48 260
2.49 271
2.5 275
2.51 260
2.52 277
2.53 251
2.54 276
2.55 252
2.56 281
2.57 245
2.58 292
2.59 272
2.6 270
2.61 259
2.62 259
2.63 288
2.64 283
2.65 238
2.66 237
2.67 265
2.68 247
2.69 242
2.7 252
2.71 267
2.72 251
2.73 245
2.74 261
2.75 271
2.76 255
2.77 249
2.78 239
2.79 259
2.8 256
2.81 278
2.82 259
2.83 251
2.84 236
2.85 264
2.86 236
2.87 277
2.88 247
2.89 254
2.9 235
2.91 242
2.92 281
2.93 239
2.94 268
2.95 253
2.96 263
2.97 270
2.98 229
2.99 252
3.0 237
3.01 269
3.02 263
3.03 240
3.04 247
3.05 262
3.06 252
3.07 247
3.08 247
3.09 227
3.1 233
3.11 268
3.12 239
3.13 240
3.14 237
3.15 255
3.16 237
3.17 231
3.18 231
3.19 186
3.2 236
3.21 237
3.22 237
3.23 273
3.24 238
3.25 270
3.26 246
3.27 226
3.28 235
3.29 249
3.3 244
3.31 231
3.32 251
3.33 228
3.34 270
3.35 245
3.36 227
3.37 218
3.38 256
3.39 233
3.4 214
3.41 213
3.42 229
3.43 223
3.44 237
3.45 228
3.46 245
3.47 235
3.48 220
3.49 214
3.5 232
3.51 231
3.52 241
3.53 257
3.54 256
3.55 232
3.56 224
3.57 228
3.58 228
3.59 229
3.6 226
3.61 222
3.62 231
3.63 237
3.64 247
3.65 271
3.66 250
3.67 250
3.68 240
3.69 246
3.7 238
3.71 242
3.72 246
3.73 243
3.74 250
3.75 259
3.76 263
3.77 213
3.78 222
3.79 237
3.8 234
3.81 242
3.82 239
3.83 243
3.84 235
3.85 253
3.86 231
3.87 259
3.88 245
3.89 235
3.9 260
3.91 236
3.92 255
3.93 232
3.94 213
3.95 246
3.96 232
3.97 209
3.98 209
3.99 241
4.0 242
4.01 250
4.02 228
4.03 257
4.04 248
4.05 252
4.06 227
4.07 231
4.08 237
4.09 254
4.1 227
4.11 236
4.12 223
4.13 243
4.14 233
4.15 257
4.16 228
4.17 223
4.18 212
4.19 214
4.2 239
4.21 247
4.22 252
4.23 228
4.24 226
4.25 261
4.26 233
4.27 233
4.28 265
4.29 229
4.3 275
4.31 235
4.32 218
4.33 258
4.34 241
4.35 233
4.36 240
4.37 254
4.38 244
4.39 254
4.4 264
4.41 254
4.42 266
4.43 233
4.44 270
4.45 260
4.46 263
4.47 227
4.48 246
4.49 268
4.5 247
4.51 228
4.52 248
4.53 243
4.54 236
4.55 252
4.56 252
4.57 294
4.58 234
4.59 241
4.6 253
4.61 239
4.62 256
4.63 242
4.64 276
4.65 249
4.66 268
4.67 259
4.68 232
4.69 286
4.7 226
4.71 274
4.72 286
4.73 267
4.74 285
4.75 267
4.76 270
4.77 257
4.78 253
4.79 269
4.8 250
4.81 299
4.82 275
4.83 279
4.84 303
4.85 271
4.86 267
4.87 294
4.88 290
4.89 293
4.9 286
4.91 274
4.92 281
4.93 306
4.94 303
4.95 306
4.96 299
4.97 320
4.98 303
4.99 317
5.0 329
5.01 307
5.02 331
5.03 302
5.04 308
5.05 317
5.06 348
5.07 320
5.08 325
5.09 340
5.1 328
5.11 298
5.12 309
5.13 339
5.14 295
5.15 359
5.16 314
5.17 359
5.18 323
5.19 342
5.2 346
5.21 346
5.22 362
5.23 359
5.24 349
5.25 350
5.26 383
5.27 350
5.28 383
5.29 357
5.3 383
5.31 389
5.32 381
5.33 382
5.34 356
5.35 390
5.36 383
5.37 401
5.38 410
5.39 419
5.4 432
5.41 423
5.42 481
5.43 483
5.44 485
5.45 476
5.46 458
5.47 503
5.48 495
5.49 469
5.5 516
5.51 526
5.52 518
5.53 536
5.54 535
5.55 570
5.56 579
5.57 627
5.58 606
5.59 588
5.6 627
5.61 601
5.62 580
5.63 656
5.64 693
5.65 734
5.66 779
5.67 788
5.68 765
5.69 852
5.7 894
5.71 811
5.72 920
5.73 965
5.74 996
5.75 985
5.76 526
5.77 23
5.78 1
5.79 1
5.8 0
5.81 0
5.82 0
5.83 0
5.84 0
5.85 0
5.86 0
5.87 0
5.88 0
5.89 0
5.9 0
5.91 0
5.92 0
5.93 0
5.94 0
5.95 0
5.96 0
5.97 0
5.98 0
5.99 0
6.0 0
