0.01 196093
0.03 38223
0.05 15255
0.07 7912
0.09 4998
0.11 3806
0.13 2878
0.15 2296
0.17 1952
0.19 1580
0.21 1378
0.23 1176
0.25 1003
0.27 922
0.29 810
0.31 706
0.33 643
0.35 633
0.37 569
0.39 523
0.41 496
0.43 511
0.45 470
0.47 434
0.49 392
0.51 384
0.53 378
0.55 379
0.57 332
0.59 348
0.61 294
0.63 319
0.65 283
0.67 278
0.69 275
0.71 289
0.73 280
0.75 259
0.77 258
0.79 228
0.81 234
0.83 220
0.85 236
0.87 222
0.89 207
0.91 235
0.93 232
0.95 204
0.97 197
0.99 199
1.01 187
1.03 167
1.05 193
1.07 183
1.09 180
1.11 164
1.13 170
1.15 157
1.17 157
1.19 182
1.21 129
1.23 165
1.25 135
1.27 132
1.29 160
1.31 145
1.33 141
1.35 150
1.37 154
1.39 153
1.41 132
1.43 134
1.45 123
1.47 143
1.49 136
1.51 147
1.53 118
1.55 130
1.57 129
1.59 144
1.61 134
1.63 113
1.65 119
1.67 104
1.69 136
1.71 116
1.73 126
1.75 116
1.77 129
1.79 132
1.81 96
1.83 103
1.85 113
1.87 102
1.89 126
1.91 103
1.93 99
1.95 109
1.97 82
1.99 90
2.01 112
2.03 99
2.05 98
2.07 96
2.09 100
2.11 104
2.13 113
2.15 119
2.17 110
2.19 102
2.21 84
2.23 103
2.25 115
2.27 112
2.29 101
2.31 96
2.33 93
2.35 105
2.37 99
2.39 112
2.41 102
2.43 93
2.45 89
2.47 90
2.49 98
2.51 97
2.53 88
2.55 95
2.57 102
2.59 83
2.61 96
2.63 97
2.65 88
2.67 84
2.69 84
2.71 85
2.73 106
2.75 96
2.77 85
2.79 104
2.81 83
2.83 84
2.85 85
2.87 93
2.89 94
2.91 81
2.93 73
2.95 98
2.97 90
2.99 72
3.01 90
3.03 76
3.05 90
3.07 83
3.09 77
3.11 90
3.13 82
3.15 73
3.17 75
3.19 88
3.21 65
3.23 72
3.25 89
3.27 66
3.29 79
3.31 73
3.33 96
3.35 88
3.37 67
3.39 96
3.41 81
3.43 93
3.45 68
3.47 80
3.49 78
3.51 85
3.53 68
3.55 96
3.57 77
3.59 85
3.61 93
3.63 99
3.65 96
3.67 78
3.69 85
3.71 69
3.73 70
3.75 63
3.77 62
3.79 62
3.81 69
3.83 82
3.85 82
3.87 75
3.89 59
3.91 67
3.93 75
3.95 85
3.97 66
3.99 81
4.01 84
4.03 84
4.05 77
4.07 81
4.09 74
4.11 71
4.13 72
4.15 68
4.17 95
4.19 77
4.21 67
4.23 84
4.25 82
4.27 65
4.29 86
4.31 75
4.33 75
4.35 72
4.37 70
4.39 68
4.41 65
4.43 80
4.45 78
4.47 62
4.49 74
4.51 67
4.53 78
4.55 65
4.57 70
4.59 69
4.61 84
4.63 80
4.65 61
4.67 70
4.69 76
4.71 75
4.73 91
4.75 81
4.77 73
4.79 67
4.81 66
4.83 72
4.85 94
4.87 78
4.89 63
4.91 80
4.93 75
4.95 60
4.97 73
4.99 77
5.01 72
5.03 76
5.05 66
5.07 78
5.09 68
5.11 68
5.13 62
5.15 81
5.17 72
5.19 59
5.21 68
5.23 85
5.25 78
5.27 93
5.29 75
5.31 58
5.33 73
5.35 68
5.37 80
5.39 91
5.41 69
5.43 63
5.45 71
5.47 68
5.49 75
5.51 79
5.53 77
5.55 88
5.57 79
5.59 69
5.61 64
5.63 77
5.65 76
5.67 84
5.69 74
5.71 61
5.73 101
5.75 95
5.77 81
5.79 87
5.81 61
5.83 98
5.85 80
5.87 79
5.89 72
5.91 88
5.93 73
5.95 92
5.97 97
5.99 65
6.01 87
6.03 85
6.05 85
6.07 88
6.09 105
6.11 90
6.13 89
6.15 82
6.17 85
6.19 87
6.21 82
6.23 71
6.25 93
6.27 94
6.29 82
6.31 104
6.33 81
6.35 93
6.37 104
6.39 87
6.41 104
6.43 87
6.45 101
6.47 90
6.49 95
6.51 91
6.53 103
6.55 126
6.57 97
6.59 96
6.61 108
6.63 104
6.65 115
6.67 98
6.69 103
6.71 102
6.73 131
6.75 124
6.77 108
6.79 129
6.81 116
6.83 109
6.85 131
6.87 127
6.89 117
6.91 139
6.93 126
6.95 126
6.97 123
6.99 165
7.01 151
7.03 150
7.05 156
7.07 163
7.09 185
7.11 184
7.13 168
7.15 211
7.17 198
7.19 206
7.21 208
7.23 226
7.25 234
7.27 264
7.29 241
7.31 289
7.33 301
7.35 309
7.37 363
7.39 179
7.41 3
7.43 0
7.45 0
7.47 0
7.49 0
7.51 0
7.53 0
7.55 0
7.57 0
7.59 0
7.61 0
7.63 0
7.65 0
7.67 0
7.69 0
7.71 0
7.73 0
7.75 0
7.77 0
7.79 0
7.81 0
7.83 0
7.85 0
7.87 0
7.89 0
7.91 0
7.93 0
7.95 0
7.97 0
7.99 0
8.01 0
8.03 0
8.05 0
8.07 0
8.09 0
8.11 0
8.13 0
8.15 0
8.17 0
8.19 0
8.21 0
8.23 0
8.25 0
8.27 0
8.29 0
8.31 0
8.33 0
8.35 0
8.37 0
8.39 0
8.41 0
8.43 0
8.45 0
8.47 0
8.49 0
8.51 0
8.53 0
8.55 0
8.57 0
8.59 0
8.61 0
8.63 0
8.65 0
8.67 0
8.69 0
8.71 0
8.73 0
8.75 0
8.77 0
8.79 0
8.81 0
8.83 0
8.85 0
8.87 0
8.89 0
8.91 0
8.93 0
8.95 0
8.97 0
8.99 0
9.01 0
9.03 0
9.05 0
9.07 0
9.09 0
9.11 0
9.13 0
9.15 0
9.17 0
9.19 0
9.21 0
9.23 0
9.25 0
9.27 0
9.29 0
9.31 0
9.33 0
9.35 0
9.37 0
9.39 0
9.41 0
9.43 0
9.45 0
9.47 0
9.49 0
9.51 0
9.53 0
9.55 0
9.57 0
9.59 0
9.61 0
9.63 0
9.65 0
9.67 0
9.69 0
9.71 0
9.73 0
9.75 0
9.77 0
9.79 0
9.81 0
9.83 0
9.85 0
9.87 0
9.89 0
9.91 0
9.93 0
9.95 0
9.97 0
9.99 0
10.01 0
10.03 0
10.05 0
10.07 0
10.09 0
10.11 0
10.13 0
10.15 0
10.17 0
10.19 0
10.21 0
10.23 0
10.25 0
10.27 0
10.29 0
10.31 0
10.33 0
10.35 0
10.37 0
10.39 0
10.41 0
10.43 0
10.45 0
10.47 0
10.49 0
10.51 0
10.53 0
10.55 0
10.57 0
10.59 0
10.61 0
10.63 0
10.65 0
10.67 0
10.69 0
10.71 0
10.73 0
10.75 0
10.77 0
10.79 0
10.81 0
10.83 0
10.85 0
10.87 0
10.89 0
10.91 0
10.93 0
10.95 0
10.97 0
10.99 0
11.01 0
11.03 0
11.05 0
11.07 0
11.09 0
11.11 0
11.13 0
11.15 0
11.17 0
11.19 0
11.21 0
11.23 0
11.25 0
11.27 0
11.29 0
11.31 0
11.33 0
11.35 0
11.37 0
11.39 0
11.41 0
11.43 0
11.45 0
11.47 0
11.49 0
11.51 0
11.53 0
11.55 0
11.57 0
11.59 0
11.61 0
11.63 0
11.65 0
11.67 0
11.69 0
11.71 0
11.73 0
11.75 0
11.77 0
11.79 0
11.81 0
11.83 0
11.85 0
11.87 0
11.89 0
11.91 0
11.93 0
11.95 0
11.97 0
