0.01 96927
0.02 21021
0.03 13481
0.04 9488
0.05 5402
0.06 3514
0.07 2615
0.08 2148
0.09 1654
0.1 1448
0.11 1193
0.12 1008
0.13 946
0.14 789
0.15 737
0.16 639
0.17 607
0.18 591
0.19 562
0.2 494
0.21 432
0.22 405
0.23 384
0.24 399
0.25 349
0.26 302
0.27 338
0.28 293
0.29 292
0.3 251
0.31 273
0.32 262
0.33 230
0.34 254
0.35 222
0.36 230
0.37 209
0.38 223
0.39 237
0.4 219
0.41 189
0.42 179
0.43 190
0.44 174
0.45 188
0.46 174
0.47 168
0.48 178
0.49 146
0.5 150
0.51 175
0.52 148
0.53 135
0.54 145
0.55 155
0.56 159
0.57 142
0.58 150
0.59 150
0.6 152
0.61 143
0.62 133
0.63 127
0.64 126
0.65 144
0.66 114
0.67 132
0.68 134
0.69 123
0.7 146
0.71 128
0.72 132
0.73 139
0.74 120
0.75 103
0.76 103
0.77 112
0.78 115
0.79 128
0.8 104
0.81 115
0.82 114
0.83 101
0.84 105
0.85 121
0.86 105
0.87 109
0.88 112
0.89 116
0.9 105
0.91 121
0.92 104
0.93 100
0.94 112
0.95 133
0.96 121
0.97 127
0.98 119
0.99 99
1.0 111
1.01 109
1.02 131
1.03 111
1.04 112
1.05 121
1.06 115
1.07 119
1.08 110
1.09 142
1.1 133
1.11 129
1.12 130
1.13 141
1.14 155
1.15 170
1.16 164
1.17 131
1.18 160
1.19 164
1.2 192
1.21 178
1.22 179
1.23 214
1.24 253
1.25 67
1.26 6
1.27 0
1.28 0
1.29 0
1.3 0
1.31 0
1.32 0
1.33 0
1.34 0
1.35 0
1.36 0
1.37 0
1.38 0
1.39 0
1.4 0
1.41 0
1.42 0
1.43 0
1.44 0
1.45 0
1.46 0
