0.01 191475
0.02 41289
0.03 26315
0.04 18641
0.05 10728
0.06 7073
0.07 5029
0.08 4071
0.09 3277
0.1 2801
0.11 2409
0.12 2079
0.13 1812
0.14 1569
0.15 1407
0.16 1280
0.17 1143
0.18 1005
0.19 934
0.2 891
0.21 803
0.22 789
0.23 776
0.24 693
0.25 656
0.26 572
0.27 585
0.28 527
0.29 486
0.3 517
0.31 473
0.32 478
0.33 477
0.34 465
0.35 408
0.36 413
0.37 407
0.38 370
0.39 368
0.4 323
0.41 352
0.42 342
0.43 292
0.44 297
0.45 322
0.46 318
0.47 296
0.48 277
0.49 269
0.5 284
0.51 264
0.52 255
0.53 240
0.54 268
0.55 238
0.56 256
0.57 214
0.58 247
0.59 237
0.6 240
0.61 207
0.62 211
0.63 230
0.64 201
0.65 187
0.66 230
0.67 219
0.68 195
0.69 183
0.7 194
0.71 188
0.72 183
0.73 192
0.74 192
0.75 165
0.76 181
0.77 185
0.78 195
0.79 170
0.8 158
0.81 170
0.82 179
0.83 158
0.84 158
0.85 161
0.86 163
0.87 167
0.88 168
0.89 157
0.9 167
0.91 143
0.92 152
0.93 148
0.94 172
0.95 169
0.96 148
0.97 140
0.98 128
0.99 116
1 141
1.01 139
1.02 154
1.03 167
1.04 123
1.05 164
1.06 141
1.07 127
1.08 126
1.09 144
1.1 121
1.11 133
1.12 137
1.13 129
1.14 145
1.15 133
1.16 117
1.17 118
1.18 129
1.19 154
1.2 131
1.21 129
1.22 120
1.23 132
1.24 118
1.25 120
1.26 133
1.27 111
1.28 134
1.29 121
1.3 130
1.31 105
1.32 135
1.33 105
1.34 136
1.35 110
1.36 115
1.37 135
1.38 117
1.39 146
1.4 124
1.41 115
1.42 130
1.43 138
1.44 104
1.45 137
1.46 94
1.47 129
1.48 128
1.49 102
1.5 119
1.51 127
1.52 115
1.53 97
1.54 102
1.55 118
1.56 109
1.57 104
1.58 119
1.59 110
1.6 111
1.61 119
1.62 104
1.63 120
1.64 132
1.65 126
1.66 133
1.67 110
1.68 133
1.69 130
1.7 117
1.71 116
1.72 118
1.73 91
1.74 114
1.75 115
1.76 138
1.77 119
1.78 113
1.79 102
1.8 115
1.81 142
1.82 125
1.83 118
1.84 110
1.85 110
1.86 98
1.87 125
1.88 119
1.89 126
1.9 124
1.91 130
1.92 126
1.93 124
1.94 123
1.95 135
1.96 120
1.97 152
1.98 132
1.99 135
2 122
2.01 126
2.02 137
2.03 126
2.04 143
2.05 116
2.06 153
2.07 156
2.08 162
2.09 156
2.1 130
2.11 136
2.12 155
2.13 148
2.14 131
2.15 142
2.16 133
2.17 140
2.18 163
2.19 171
2.2 149
2.21 178
2.22 182
2.23 167
2.24 190
2.25 188
2.26 201
2.27 203
2.28 239
2.29 229
2.3 233
2.31 257
2.32 271
2.33 269
2.34 237
2.35 303
2.36 293
2.37 293
2.38 318
2.39 62
2.4 1
2.41 2
2.42 0
2.43 0
2.44 0
2.45 0
2.46 0
2.47 0
2.48 0
2.49 0
