0.01 173105
0.02 37419
0.03 24036
0.04 16535
0.05 9714
0.06 6458
0.07 4685
0.08 3667
0.09 3001
0.1 2485
0.11 2063
0.12 1789
0.13 1648
0.14 1495
0.15 1248
0.16 1204
0.17 1025
0.18 922
0.19 886
0.2 800
0.21 739
0.22 702
0.23 628
0.24 641
0.25 566
0.26 600
0.27 499
0.28 489
0.29 471
0.3 428
0.31 431
0.32 387
0.33 370
0.34 398
0.35 337
0.36 314
0.37 313
0.38 329
0.39 277
0.4 303
0.41 295
0.42 263
0.43 265
0.44 266
0.45 234
0.46 240
0.47 216
0.48 208
0.49 219
0.5 218
0.51 205
0.52 214
0.53 201
0.54 209
0.55 185
0.56 174
0.57 170
0.58 185
0.59 165
0.6 171
0.61 181
0.62 161
0.63 137
0.64 165
0.65 173
0.66 154
0.67 143
0.68 131
0.69 146
0.7 144
0.71 171
0.72 146
0.73 151
0.74 123
0.75 141
0.76 120
0.77 125
0.78 140
0.79 126
0.8 145
0.81 114
0.82 133
0.83 108
0.84 146
0.85 113
0.86 122
0.87 113
0.88 119
0.89 106
0.9 124
0.91 99
0.92 109
0.93 107
0.94 121
0.95 107
0.96 88
0.97 102
0.98 112
0.99 132
1 90
1.01 86
1.02 74
1.03 97
1.04 109
1.05 111
1.06 101
1.07 91
1.08 101
1.09 105
1.1 97
1.11 108
1.12 69
1.13 83
1.14 95
1.15 79
1.16 84
1.17 81
1.18 78
1.19 92
1.2 77
1.21 77
1.22 90
1.23 88
1.24 75
1.25 83
1.26 80
1.27 93
1.28 77
1.29 89
1.3 106
1.31 81
1.32 84
1.33 84
1.34 70
1.35 84
1.36 85
1.37 72
1.38 90
1.39 78
1.4 88
1.41 77
1.42 68
1.43 91
1.44 90
1.45 74
1.46 69
1.47 66
1.48 71
1.49 84
1.5 67
1.51 74
1.52 69
1.53 68
1.54 88
1.55 55
1.56 68
1.57 70
1.58 63
1.59 58
1.6 71
1.61 58
1.62 77
1.63 77
1.64 65
1.65 67
1.66 82
1.67 72
1.68 66
1.69 57
1.7 62
1.71 61
1.72 63
1.73 66
1.74 50
1.75 67
1.76 69
1.77 50
1.78 61
1.79 55
1.8 59
1.81 74
1.82 56
1.83 63
1.84 72
1.85 64
1.86 55
1.87 68
1.88 74
1.89 49
1.9 58
1.91 68
1.92 68
1.93 70
1.94 60
1.95 81
1.96 70
1.97 72
1.98 62
1.99 79
2 59
2.01 62
2.02 60
2.03 64
2.04 50
2.05 51
2.06 53
2.07 57
2.08 56
2.09 58
2.1 62
2.11 62
2.12 48
2.13 54
2.14 60
2.15 46
2.16 57
2.17 64
2.18 49
2.19 47
2.2 71
2.21 49
2.22 55
2.23 63
2.24 45
2.25 54
2.26 49
2.27 51
2.28 53
2.29 61
2.3 52
2.31 59
2.32 54
2.33 58
2.34 45
2.35 62
2.36 67
2.37 63
2.38 57
2.39 44
2.4 46
2.41 73
2.42 53
2.43 45
2.44 54
2.45 52
2.46 55
2.47 60
2.48 50
2.49 58
2.5 50
2.51 57
2.52 51
2.53 51
2.54 58
2.55 53
2.56 48
2.57 55
2.58 38
2.59 43
2.6 44
2.61 70
2.62 51
2.63 50
2.64 45
2.65 54
2.66 51
2.67 56
2.68 49
2.69 50
2.7 51
2.71 56
2.72 41
2.73 50
2.74 38
2.75 56
2.76 39
2.77 56
2.78 48
2.79 43
2.8 51
2.81 48
2.82 42
2.83 51
2.84 43
2.85 45
2.86 46
2.87 50
2.88 56
2.89 52
2.9 51
2.91 48
2.92 44
2.93 46
2.94 50
2.95 54
2.96 50
2.97 51
2.98 46
2.99 52
3 56
3.01 51
3.02 46
3.03 56
3.04 48
3.05 55
3.06 40
3.07 45
3.08 53
3.09 37
3.1 50
3.11 50
3.12 42
3.13 60
3.14 53
3.15 49
3.16 49
3.17 61
3.18 47
3.19 41
3.2 54
3.21 47
3.22 39
3.23 50
3.24 50
3.25 48
3.26 49
3.27 42
3.28 40
3.29 51
3.3 44
3.31 52
3.32 48
3.33 49
3.34 45
3.35 42
3.36 43
3.37 51
3.38 58
3.39 56
3.4 37
3.41 35
3.42 38
3.43 56
3.44 36
3.45 47
3.46 37
3.47 49
3.48 39
3.49 41
3.5 28
3.51 54
3.52 48
3.53 50
3.54 37
3.55 35
3.56 48
3.57 46
3.58 44
3.59 52
3.6 51
3.61 49
3.62 38
3.63 36
3.64 51
3.65 44
3.66 33
3.67 42
3.68 40
3.69 38
3.7 39
3.71 50
3.72 41
3.73 47
3.74 52
3.75 29
3.76 45
3.77 52
3.78 53
3.79 43
3.8 44
3.81 45
3.82 49
3.83 36
3.84 42
3.85 50
3.86 38
3.87 46
3.88 47
3.89 43
3.9 48
3.91 52
3.92 48
3.93 41
3.94 50
3.95 40
3.96 44
3.97 58
3.98 49
3.99 40
4 44
4.01 48
4.02 36
4.03 44
4.04 44
4.05 42
4.06 43
4.07 57
4.08 47
4.09 42
4.1 45
4.11 46
4.12 63
4.13 35
4.14 58
4.15 48
4.16 38
4.17 50
4.18 51
4.19 54
4.2 43
4.21 55
4.22 44
4.23 41
4.24 59
4.25 54
4.26 42
4.27 57
4.28 37
4.29 54
4.3 46
4.31 37
4.32 41
4.33 48
4.34 59
4.35 34
4.36 38
4.37 43
4.38 54
4.39 47
4.4 52
4.41 47
4.42 44
4.43 54
4.44 40
4.45 47
4.46 56
4.47 52
4.48 49
4.49 45
4.5 42
4.51 50
4.52 39
4.53 54
4.54 54
4.55 65
4.56 50
4.57 64
4.58 41
4.59 47
4.6 50
4.61 53
4.62 45
4.63 43
4.64 52
4.65 60
4.66 54
4.67 46
4.68 46
4.69 62
4.7 52
4.71 48
4.72 48
4.73 41
4.74 39
4.75 48
4.76 62
4.77 54
4.78 63
4.79 34
4.8 54
4.81 60
4.82 53
4.83 45
4.84 55
4.85 54
4.86 48
4.87 52
4.88 65
4.89 45
4.9 51
4.91 52
4.92 59
4.93 51
4.94 59
4.95 72
4.96 58
4.97 59
4.98 44
4.99 55
5 77
5.01 58
5.02 60
5.03 60
5.04 52
5.05 47
5.06 55
5.07 59
5.08 56
5.09 59
5.1 75
5.11 70
5.12 59
5.13 67
5.14 59
5.15 59
5.16 61
5.17 63
5.18 72
5.19 48
5.2 70
5.21 56
5.22 67
5.23 60
5.24 50
5.25 55
5.26 63
5.27 82
5.28 66
5.29 65
5.3 67
5.31 68
5.32 69
5.33 87
5.34 61
5.35 66
5.36 79
5.37 74
5.38 69
5.39 82
5.4 65
5.41 82
5.42 67
5.43 88
5.44 77
5.45 91
5.46 86
5.47 71
5.48 85
5.49 70
5.5 87
5.51 85
5.52 89
5.53 92
5.54 79
5.55 96
5.56 97
5.57 78
5.58 95
5.59 80
5.6 82
5.61 105
5.62 114
5.63 90
5.64 93
5.65 118
5.66 112
5.67 119
5.68 109
5.69 125
5.7 101
5.71 123
5.72 100
5.73 119
5.74 146
5.75 137
5.76 117
5.77 158
5.78 129
5.79 149
5.8 168
5.81 167
5.82 152
5.83 166
5.84 179
5.85 164
5.86 170
5.87 186
5.88 227
5.89 89
5.9 1
5.91 0
5.92 0
5.93 0
5.94 0
5.95 0
5.96 0
5.97 0
5.98 0
5.99 0
6 0
