0.01 179095
0.02 38579
0.03 24921
0.04 17100
0.05 10132
0.06 6562
0.07 4979
0.08 3658
0.09 3174
0.1 2626
0.11 2219
0.12 1986
0.13 1716
0.14 1538
0.15 1344
0.16 1214
0.17 1087
0.18 1025
0.19 907
0.2 847
0.21 773
0.22 751
0.23 712
0.24 603
0.25 566
0.26 527
0.27 485
0.28 496
0.29 471
0.3 420
0.31 444
0.32 447
0.33 382
0.34 381
0.35 384
0.36 363
0.37 337
0.38 329
0.39 304
0.4 291
0.41 290
0.42 294
0.43 277
0.44 280
0.45 312
0.46 245
0.47 259
0.48 241
0.49 234
0.5 218
0.51 196
0.52 225
0.53 231
0.54 218
0.55 238
0.56 168
0.57 191
0.58 188
0.59 224
0.6 193
0.61 166
0.62 170
0.63 155
0.64 197
0.65 158
0.66 174
0.67 152
0.68 156
0.69 152
0.7 164
0.71 156
0.72 142
0.73 169
0.74 157
0.75 145
0.76 144
0.77 129
0.78 135
0.79 126
0.8 133
0.81 117
0.82 139
0.83 126
0.84 138
0.85 116
0.86 121
0.87 114
0.88 116
0.89 112
0.9 116
0.91 121
0.92 111
0.93 123
0.94 110
0.95 124
0.96 103
0.97 114
0.98 105
0.99 102
1 109
1.01 116
1.02 118
1.03 101
1.04 127
1.05 93
1.06 101
1.07 86
1.08 94
1.09 97
1.1 87
1.11 82
1.12 107
1.13 89
1.14 98
1.15 86
1.16 97
1.17 92
1.18 87
1.19 95
1.2 102
1.21 107
1.22 103
1.23 82
1.24 84
1.25 91
1.26 86
1.27 83
1.28 75
1.29 89
1.3 82
1.31 83
1.32 87
1.33 88
1.34 82
1.35 71
1.36 76
1.37 79
1.38 74
1.39 83
1.4 67
1.41 82
1.42 83
1.43 92
1.44 97
1.45 93
1.46 81
1.47 99
1.48 98
1.49 73
1.5 78
1.51 78
1.52 87
1.53 73
1.54 73
1.55 69
1.56 90
1.57 71
1.58 83
1.59 78
1.6 84
1.61 81
1.62 77
1.63 70
1.64 64
1.65 82
1.66 70
1.67 75
1.68 62
1.69 77
1.7 77
1.71 74
1.72 74
1.73 77
1.74 66
1.75 73
1.76 79
1.77 49
1.78 61
1.79 58
1.8 75
1.81 71
1.82 73
1.83 64
1.84 68
1.85 80
1.86 65
1.87 69
1.88 65
1.89 62
1.9 70
1.91 71
1.92 67
1.93 62
1.94 57
1.95 87
1.96 87
1.97 70
1.98 68
1.99 65
2 59
2.01 63
2.02 65
2.03 75
2.04 81
2.05 67
2.06 71
2.07 69
2.08 67
2.09 70
2.1 61
2.11 67
2.12 64
2.13 77
2.14 53
2.15 69
2.16 75
2.17 70
2.18 75
2.19 71
2.2 66
2.21 61
2.22 58
2.23 68
2.24 72
2.25 66
2.26 59
2.27 72
2.28 76
2.29 64
2.3 61
2.31 71
2.32 74
2.33 64
2.34 55
2.35 56
2.36 70
2.37 64
2.38 71
2.39 68
2.4 77
2.41 63
2.42 71
2.43 67
2.44 53
2.45 48
2.46 44
2.47 75
2.48 58
2.49 64
2.5 53
2.51 50
2.52 65
2.53 56
2.54 64
2.55 67
2.56 69
2.57 62
2.58 51
2.59 55
2.6 56
2.61 62
2.62 56
2.63 59
2.64 61
2.65 60
2.66 60
2.67 57
2.68 55
2.69 54
2.7 69
2.71 55
2.72 58
2.73 48
2.74 81
2.75 49
2.76 66
2.77 62
2.78 47
2.79 61
2.8 47
2.81 58
2.82 75
2.83 60
2.84 56
2.85 61
2.86 56
2.87 56
2.88 39
2.89 69
2.9 49
2.91 61
2.92 69
2.93 43
2.94 56
2.95 47
2.96 52
2.97 62
2.98 56
2.99 51
3 50
3.01 68
3.02 61
3.03 34
3.04 49
3.05 61
3.06 68
3.07 45
3.08 54
3.09 69
3.1 59
3.11 52
3.12 56
3.13 71
3.14 58
3.15 55
3.16 54
3.17 53
3.18 54
3.19 60
3.2 61
3.21 55
3.22 63
3.23 47
3.24 64
3.25 58
3.26 49
3.27 64
3.28 58
3.29 75
3.3 46
3.31 42
3.32 34
3.33 51
3.34 51
3.35 62
3.36 59
3.37 57
3.38 68
3.39 46
3.4 42
3.41 51
3.42 47
3.43 61
3.44 61
3.45 60
3.46 53
3.47 61
3.48 64
3.49 64
3.5 74
3.51 43
3.52 57
3.53 69
3.54 60
3.55 57
3.56 62
3.57 62
3.58 55
3.59 68
3.6 68
3.61 61
3.62 65
3.63 54
3.64 79
3.65 63
3.66 51
3.67 57
3.68 67
3.69 69
3.7 57
3.71 72
3.72 58
3.73 54
3.74 62
3.75 57
3.76 62
3.77 58
3.78 69
3.79 73
3.8 62
3.81 72
3.82 63
3.83 75
3.84 66
3.85 53
3.86 63
3.87 64
3.88 64
3.89 59
3.9 60
3.91 80
3.92 70
3.93 66
3.94 67
3.95 59
3.96 62
3.97 74
3.98 68
3.99 86
4 72
4.01 94
4.02 75
4.03 66
4.04 73
4.05 57
4.06 60
4.07 68
4.08 67
4.09 53
4.1 71
4.11 81
4.12 91
4.13 80
4.14 86
4.15 78
4.16 70
4.17 67
4.18 63
4.19 70
4.2 85
4.21 87
4.22 84
4.23 79
4.24 79
4.25 72
4.26 86
4.27 87
4.28 98
4.29 96
4.3 109
4.31 77
4.32 93
4.33 97
4.34 107
4.35 90
4.36 104
4.37 87
4.38 92
4.39 104
4.4 107
4.41 97
4.42 106
4.43 93
4.44 112
4.45 96
4.46 118
4.47 101
4.48 109
4.49 121
4.5 118
4.51 118
4.52 154
4.53 128
4.54 141
4.55 150
4.56 151
4.57 169
4.58 142
4.59 164
4.6 174
4.61 168
4.62 179
4.63 185
4.64 186
4.65 200
4.66 206
4.67 202
4.68 246
4.69 230
4.7 203
4.71 52
4.72 1
4.73 0
4.74 1
4.75 0
4.76 0
4.77 0
4.78 0
4.79 0
4.8 0
