913.279 33.5158
891.451 31.3564
912.463 33.3222
914.008 31.9726
893.272 31.5697
911.711 33.1373
913.584 31.7181
908.215 33.345
929.764 31.4247
896.728 31.6858
902.145 31.7802
914.014 30.5653
897.418 32.0426
903.531 31.2882
913.23 32.8534
920.689 32.2595
900.805 31.9296
923.801 30.8707
924.433 32.0592
914.228 32.2993
891.982 32.3841
910.616 33.5986
900.8 32.2226
912.074 32.7709
932.355 32.0551
921.653 32.8007
893.521 31.6752
909.736 31.7184
910.807 31.7421
912.122 32.4799
904.524 31.6781
907.849 31.6497
907.158 32.0854
917.209 33.2507
911.496 33.9812
911.11 31.1272
906.901 32.3392
911.169 32.017
911.691 31.07
905.017 32.8339
912.358 31.235
911.686 33.0896
909.685 32.193
911.854 31.4789
910.771 32.0436
891.517 31.4196
923.341 31.8112
910.717 31.5479
904.882 33.2317
888.889 32.9248
903.509 32.415
896.333 31.2486
891.856 31.6765
914.186 31.3463
895.348 32.8102
903.099 31.7078
904.18 31.6658
910.978 31.4726
903.817 33.3696
916.725 32.0862
892.834 32.231
899.883 31.8478
914.698 31.5762
906.476 32.6322
914.938 33.3154
907.487 33.0835
910.632 33.363
887.271 32.0472
908.947 31.5358
899.724 31.3287
908.328 31.4421
918.018 32.2845
899.916 31.1688
915.043 31.9891
917.652 32.7961
905.848 31.0179
910.408 33.1562
896.829 32.8025
919.954 32.0259
914.559 30.8021
897.16 32.5797
919.96 31.3283
916.513 33.9599
894.939 32.2087
912.385 33.005
920.084 32.2345
911.959 31.8579
923.265 32.693
908.219 32.1924
909.729 33.306
918.287 33.238
892.37 30.5847
895.474 32.6813
895.745 31.6276
904.068 31.9229
905.063 32.5799
922.334 32.6769
904.835 31.7637
920.807 32.1489
924.548 32.9734
893.746 32.7976
894.365 31.2647
909.078 32.4057
902.326 31.2944
893.32 31.2033
923.456 32.231
891.374 33.1495
911.525 32.1495
916.997 32.8054
915.801 31.5088
910.612 32.028
906.582 31.9566
915.167 31.5013
902.602 31.6317
906.54 33.5401
892.888 29.9012
887.012 31.7571
900.785 31.3824
906.044 32.2829
899.674 33.4953
910.239 32.3631
921.543 32.3048
928.018 32.1391
908.065 32.5035
899.05 31.9014
913.217 33.6637
898.821 30.3479
924.187 32.3818
907.323 31.9127
893.353 32.1834
910.495 33.2703
907.03 32.5952
901.417 31.946
911.125 32.8748
896.457 31.8593
910.891 31.5517
890.429 31.6933
908.004 32.2498
903.76 31.864
906.888 31.1699
920.551 32.6534
898.385 32.1239
910.078 31.514
928.088 31.2278
913.759 32.136
907.529 31.4834
893.727 32.1191
910.477 31.9476
891.494 32.2531
908.903 33.3135
901.393 31.3464
902.832 33.9361
911.869 33.1923
888.351 33.5448
889.04 31.502
923.307 33.0472
926.924 32.5846
896.457 31.9653
909.314 32.7295
904.948 32.4891
891.27 31.7618
908.344 31.0964
889.367 30.8415
917.046 31.2691
886.298 32.5766
899.779 30.2485
895.456 32.2215
895.164 31.4866
917.672 31.5029
903.466 33.7054
917.453 31.5593
911.94 33.4562
905.67 31.4014
892.164 32.5638
909.846 31.1847
920.271 33.4651
897.047 33.4057
898.631 32.241
900.666 32.2021
899.181 31.9053
911.533 30.9467
891.571 33.1993
918.229 33.9406
898.168 31.4196
897.846 30.1886
903.629 33.7331
891.904 31.8662
903.351 32.7562
907.188 32.3556
903.644 31.2683
907.504 32.5494
912.706 31.5195
907.09 32.6621
904.74 31.644
908.637 31.8206
878.285 31.2427
911.963 33.0618
908.098 31.1669
897.692 32.9996
914.088 30.1454
909.959 31.691
905.645 32.3853
902.302 31.0536
910.854 31.5393
897.098 33.1837
905.574 32.5972
894.406 32.0935
896.776 31.146
925.214 31.5907
908.112 31.413
905.2 30.8564
907.933 32.5305
910.639 31.6583
910.642 32.3659
898.378 32.4246
900.456 33.1012
926.158 32.3098
900.144 32.71
905.737 31.4421
891.394 33.312
897.377 31.0975
903.582 33.2295
900.707 32.4089
901.827 31.832
906.382 32.547
904.663 32.1098
894.477 33.2379
884.167 31.9882
901.71 32.0262
901.139 30.6097
907.527 31.3227
897.809 32.2346
918.69 32.7573
906.804 32.6011
921.827 32.0759
919.566 31.9362
903.185 32.7438
900.147 33.032
932.051 30.9695
916.982 32.6926
904.194 31.7664
909.021 32.0424
928.412 31.2642
894.926 31.5022
897.101 32.6162
916.464 32.6798
914.806 31.0801
888.564 31.6357
908.749 32.4984
903.39 31.6809
905.32 31.0783
903.989 31.8564
911.276 31.6954
903.405 32.1832
907.854 32.2601
903.043 31.3511
900.113 32.0064
918.948 31.6266
900.03 32.1972
899.243 30.7907
910.259 32.4469
897.459 30.2617
902.024 32.6358
913.913 33.4572
913.109 32.731
910.374 32.5177
922.481 30.1115
904.959 31.7677
896.727 31.3353
896.347 31.9204
888.72 32.1115
900.62 31.7374
900.209 31.9593
917.123 31.8124
912.487 32.3104
897.457 31.4376
904.853 32.7745
907.563 31.5382
911.932 31.2309
922.55 31.3823
894.181 31.7791
915.889 31.4298
917.712 33.175
914.238 32.5709
908.428 32.3168
900.309 31.2254
895.038 30.926
920.414 31.1386
895.73 33.6455
901.71 32.0605
905.725 31.6262
904.013 32.4018
906.899 30.5856
920.695 32.8144
925.078 32.2348
898.377 32.1501
909.697 31.8805
901.662 32.4981
908.128 32.0163
900.907 32.0083
913.37 32.8704
908.191 31.4469
916.07 31.4801
893.415 32.7095
914.689 32.0749
914.953 31.8927
904.539 31.2968
908.494 32.1867
895.545 31.7692
904.522 33.2586
921.341 31.5132
919.969 31.9404
908.376 32.148
915.742 32.6417
890.391 32.1302
910.233 31.9886
897.078 33.211
903.684 32.0882
914.636 31.7092
912.573 31.391
903.208 31.1651
896.583 32.622
887.104 32.5378
916.184 33.0969
900.121 31.6909
913.185 33.6075
900.992 31.6356
896.725 32.9839
899.762 31.6579
893.488 30.9807
917.777 33.188
902.724 31.6204
906.907 31.7706
914.878 32.1269
893.983 31.2928
905.504 32.2431
898.539 33.5677
903.911 31.5873
908.248 31.8435
891.5 31.442
904.145 32.7701
897.326 32.0148
884.686 31.937
901.249 32.9228
906.277 31.2831
900.727 32.1074
892.727 32.8934
915.255 30.9511
903.166 29.946
897.178 32.3516
923.204 32.1106
902.607 32.0116
913.543 32.1949
917.132 33.4845
897.775 32.3875
899.874 31.4589
902.358 32.2608
906.867 32.1708
906.388 31.4309
904.617 31.9778
903.356 32.4082
915.191 32.4255
915.519 31.8754
913.909 31.5298
908.316 32.0068
901.02 32.1386
915.64 31.2799
885.57 34.2382
911.15 33.0843
883.373 31.6391
890.318 31.7618
885.341 33.0938
906.004 31.7677
906.328 31.8648
910.508 32.2682
903.586 32.3914
889.864 32.642
914.192 32.1861
936.965 31.8595
897.231 32.3472
904.916 32.8724
923.583 32.0848
919.574 32.6096
908.404 32.2007
890.09 31.3956
918.619 31.8252
900.091 32.2172
920.454 32.927
918.833 32.8873
900.984 31.3101
902.672 31.4207
913.322 30.334
893.97 32.2641
897.645 30.7321
915.473 32.437
883.08 32.6993
912.53 32.4077
895.683 32.6256
899.089 32.9421
904.76 32.1479
901.396 32.395
914.141 32.4054
906.358 32.5754
901.485 31.8841
921.152 32.5035
908.255 32.7536
916.124 32.3212
916.386 32.0477
925.028 31.9144
912.653 31.9047
886.288 32.5024
902.869 32.096
904.925 33.2391
910.011 31.6551
897.267 31.8137
897.434 31.2706
897.868 32.2883
894.713 32.1906
918.429 31.7173
891.636 32.4717
926.96 32.6525
913.214 32.0167
912.879 32.2329
888.684 33.1826
897.011 32.9716
907.815 32.8908
900.543 32.5082
890.415 32.3892
903.89 32.8814
895.563 32.0963
912.714 32.3427
903.779 32.9843
884.744 32.5087
915.426 31.9548
919.854 33.4178
890.82 31.2631
905.666 32.0347
899.676 32.0204
910.809 31.3335
906.48 32.1346
917.082 32.5502
897.738 32.8552
892.456 32.7964
893.04 32.8141
922.351 32.7057
909.087 32.1352
914.589 33.4501
893.815 31.2502
893.765 31.6504
911.732 32.72
888.586 32.5994
905.614 32.1713
927.98 31.9406
912.413 31.9395
903.577 31.3633
913.736 31.9023
900.618 32.0808
923.482 32.5615
903.337 31.2789
906.308 32.6581
906.273 32.2756
917.662 31.0206
914.093 32.0662
918.078 32.5438
893.408 32.4
905.869 31.8681
905.82 31.8951
907.05 31.5593
893.826 32.5353
920.008 33.5397
900.685 32.6853
912.496 31.2064
883.929 32.4313
910.832 30.9136
913.712 33.2162
906.661 32.0808
895.831 31.8978
894.28 32.0919
895.587 31.3299
911.576 32.268
917.256 33.708
921.399 32.3348
904.73 32.7604
898.892 31.7484
896.904 31.6455
903.563 32.0886
901.763 32.2488
910.546 32.9531
901.001 31.4513
897.363 30.7853
914.976 32.4298
905.671 31.1725
910.945 31.7043
910.035 31.1292
905.394 32.0346
890.343 33.6006
914.769 32.0597
917.899 32.6372
916.566 32.6433
894.038 31.8553
903.296 32.3381
908.462 31.3477
918.656 32.6648
901.155 31.488
888.985 33.0072
911.784 32.14
899.066 31.1991
908.065 32.7573
909.162 31.0217
909.042 32.222
904.021 31.7974
887.949 31.9896
906.431 31.9065
904.065 32.0831
912.321 32.0449
917.194 31.9911
926.74 31.7598
904.992 31.8266
910.21 31.7863
900.112 31.9255
920.876 31.3232
909.172 32.1338
907.008 32.2319
902.562 31.1348
896.247 33.0771
900.237 31.9869
925.387 32.7053
895.418 32.2059
906.998 31.2103
903.05 31.2851
894.811 32.5827
903.104 32.0253
895.046 32.3398
917.447 31.99
912.911 31.1484
903.843 32.2794
913.776 33.1524
899.589 32.8553
889.204 33.3852
904.71 33.0343
909.515 32.6857
898.267 32.6912
888.136 31.7061
913.017 31.9717
886.414 32.5902
901.944 31.4775
919.868 33.122
891.315 30.6018
911.08 32.3369
887.962 32.3631
898.307 32.0069
887.242 33.395
888.846 32.437
894.356 32.6106
909.32 32.3196
899.522 32.3029
908.869 33.0541
903.413 31.5603
896.694 31.863
924.755 31.1937
907.798 31.5659
915.811 32.1397
918.366 31.7762
911.951 32.2868
920.724 32.8562
886.856 32.2131
911.974 31.904
900.515 32.7181
907.313 31.5737
904.033 32.4974
903.367 31.9462
904.928 31.7429
898.597 32.1751
903.134 33.0233
904.897 33.1228
923.132 33.0204
908.774 31.7799
902.93 32.0213
908.294 32.3475
907.286 31.2754
898.1 31.8088
907.47 31.7552
902.722 31.9447
891.444 32.12
914.039 31.2611
900.359 31.98
930.523 32.6772
899.3 31.6669
901.483 31.725
906.009 32.0246
907.057 33.3142
905.988 31.5309
889.881 31.437
900.835 31.9037
896.962 32.3242
912.806 33.3545
903.913 30.8749
883.137 33.1977
905.835 32.1162
888.581 32.7796
919.474 32.6372
902.355 31.3604
929.627 31.2911
894.536 32.0385
900.446 31.1667
911.715 31.7208
913.445 32.686
897.853 32.2867
923.15 32.5741
898.993 32.0752
910.451 32.7569
913.515 32.0562
903.783 31.3646
901.479 32.1429
898.592 31.208
891.853 32.9786
912.263 32.1263
893.905 31.6859
918.044 32.3972
906.617 32.4191
894.373 31.5915
918.93 32.1922
896.261 31.1475
899.007 31.3718
918.247 32.0695
902.704 31.7915
901.604 32.8157
911.945 31.1432
908.871 31.753
923.661 30.8059
906.871 31.483
905.849 31.301
922.223 31.8619
932.8 31.0852
905.098 32.5852
883.85 32.1657
890.256 32.0273
910.576 31.901
890.429 32.6848
909.939 31.263
927.886 31.8545
908.147 31.8587
913.585 33.2993
893.328 32.8062
894.532 31.5775
903.98 32.6215
888.443 31.7226
887.147 32.138
908.001 31.4087
899.464 32.6021
888.76 30.9879
921.614 31.9769
900.164 31.5492
929.957 31.0953
911.834 31.6675
912.169 32.9721
911.95 31.409
893.467 32.2259
900.167 32.2463
909.82 32.088
914.464 32.0486
892.093 31.6209
907.212 32.0908
890.556 34.0267
899.618 31.4078
889.034 32.386
894.293 31.6447
916.189 31.5146
906.352 31.3918
899.301 31.6558
920.475 32.7167
907.877 31.5442
895.808 32.747
887.786 31.5176
910.727 31.8771
908.643 32.4885
908.387 31.7567
893.003 30.7027
904.335 31.7115
900.428 31.7949
914.915 32.1254
914.803 32.3297
912.601 31.7106
916.311 30.6968
900.919 32.0141
889.495 32.988
903.135 32.4833
913.46 32.349
894.178 33.3126
913.814 32.1748
920.879 31.8446
921.806 31.1935
886.46 31.4121
886.151 32.7509
904.979 32.5781
906.567 32.3513
920.088 31.771
890.583 31.7443
899.112 31.9847
914.186 32.272
897.135 31.8839
899.235 31.0126
893.137 32.7264
929.242 31.779
893.455 33.6181
905.869 32.9373
919.073 31.7752
894.307 31.523
886.317 31.1714
907.167 31.3089
930.601 32.0462
901.363 32.0174
901.803 31.3514
921.035 31.935
908.533 32.6516
897.202 31.6549
915.871 31.5761
908.389 31.6395
906.737 33.2289
903.12 30.9048
922.318 32.2884
898.584 31.7822
891.234 31.7556
919.743 32.0362
915.889 32.495
916.864 32.3274
894.135 31.4198
907.072 32.337
906.449 31.156
892.049 32.0039
903.831 31.5687
909.758 32.6401
890.896 32.3709
911.037 32.2405
898.788 32.5783
906.371 33.598
918.688 33.6066
903.946 30.8458
900.671 32.2771
916.753 32.3066
921.114 32.8299
915.45 31.9942
900.52 31.9525
935.079 31.6565
893.926 31.8352
919.309 32.7281
922.47 32.2996
889.255 31.0975
893.285 32.7015
918.037 33.2323
908.861 31.7387
905.991 31.4966
894.029 31.3668
907.455 31.2399
912.899 31.4369
915.468 33.1878
918.034 33.0758
903.248 31.9458
888.918 31.7063
912.625 32.2833
917.567 31.788
894.963 32.5351
901.814 32.9189
920.161 32.5317
919.934 32.2978
912.128 33.0471
918.031 32.5897
896.227 31.861
898.386 31.7563
902.904 31.8
918.948 32.536
889.422 31.3033
902.383 31.5458
912.094 32.3675
901.833 32.3498
911.714 32.7564
900.586 32.6902
910.755 32.2037
925.315 32.7878
919.196 33.3308
905.319 31.612
904.701 31.3512
902.478 30.6589
903.777 30.5034
901.389 30.5354
906.713 32.5684
904.139 30.6402
906.835 32.5938
896.588 30.9286
904.113 32.2264
890.129 32.2587
892.925 32.5985
899.942 31.6392
916.917 33.7287
908.431 32.8906
922.313 32.0044
921.926 32.4546
901.26 31.9197
891.395 31.0205
908.523 31.7946
913.905 31.3902
903.524 31.5604
890.084 31.459
897.35 31.2231
886.074 31.5858
913.241 32.7179
912.202 29.0635
888.563 32.3842
919.597 32.2274
897.597 31.022
913.247 31.7059
915.735 32.4174
898.771 31.9011
910.011 32.8225
900.566 31.1717
895.615 31.6608
900.328 32.3716
898.19 31.4965
905.778 31.0071
898.248 32.6907
918.939 32.753
906.914 31.7008
899.386 32.2623
921.382 32.639
886.428 32.8508
895.812 33.2034
897.179 30.9277
921.905 32.8264
901.757 31.8131
897.722 32.4381
904.701 31.8591
917.46 32.0114
903.583 32.2182
904.198 33.1634
912.077 33.7986
890.269 31.2806
923.436 31.3079
895.043 31.6391
906.958 32.6842
911.427 32.7882
897.715 31.2713
916.417 32.8077
916.694 33.4812
909.614 32.0566
918.821 31.6417
901.821 31.5532
905.661 31.8255
909.668 32.1114
907.957 31.4889
901.828 31.8915
906.685 33.3147
907.564 31.0173
896.634 31.2486
904.401 32.5892
908.814 32.3007
910.555 31.8803
923.211 32.6517
906.078 32.6366
885.998 32.633
893.474 33.5643
916.794 33.7755
901.135 32.0233
926.178 32.7528
918.647 33.0654
905.384 31.5567
910.772 31.284
897.725 31.2702
906.79 32.6562
914.645 32.5287
915.876 31.7574
909.274 32.4167
903.38 31.7566
918.115 32.0552
908.587 32.0916
921.276 32.7659
917.74 31.6057
910.128 31.7456
885.555 32.2028
904.18 32.9273
894.105 32.243
922.542 31.9128
898.697 31.8619
902.389 31.4564
900.983 32.1287
918.74 32.9411
896.757 31.8925
898.605 30.187
897.925 33.3133
900.769 31.9772
901.141 32.3864
910.87 33.5457
924.958 31.9369
907.071 32.4901
912.773 32.293
904.168 31.7493
901.267 31.6144
915.617 32.9212
921.827 31.8107
910.683 31.9602
903.684 31.3584
882.622 31.9725
896.498 31.1244
915.996 31.8801
894.355 31.8262
901.133 31.9352
903.737 31.996
907.293 32.6867
922.356 32.4735
906.112 31.2104
904.292 31.7487
913.081 33.7771
883.332 32.763
906.405 32.6824
914.561 31.8739
893.614 32.1035
893.233 32.8026
909.009 30.4934
908.021 32.554
894.022 31.2205
922.389 33.5482
923.059 33.3568
918.447 33.0193
909.887 31.009
919.495 32.3932
900.281 31.9598
904.078 30.7277
893.81 32.1135
923.559 31.2378
911.589 32.566
917.509 33.238
908.768 33.1543
898.065 32.451
907.559 32.8944
923.146 31.3379
911.03 31.2427
915.587 31.5321
914.748 32.8088
906.15 31.579
882.078 32.208
907.775 32.7848
899.022 31.2726
899.65 33.2395
906.81 32.4487
890.455 32.6477
894.016 31.4475
917.952 33.3729
887.609 32.7955
906.805 32.9454
892.188 32.4318
910.425 31.3663
897.664 31.8081
902.69 33.1606
906.385 32.7829
903.341 31.8648
895.006 31.656
937.46 31.0618
927.277 32.6888
893.947 32.229
908.032 31.7962
908.915 32.585
904.706 29.9254
896.497 31.2879
908.845 32.6071
906.428 31.7757
914.243 32.6001
901.227 31.6633
911.939 31.5279
894.757 32.3079
913.625 32.3148
911.345 31.9864
914.084 32.7288
903.78 31.575
919.188 32.4903
902.519 32.1221
903.642 31.8817
905.616 32.5213
914.833 31.4756
890.638 30.7456
911.798 32.3119
912.076 31.0013
898.322 32.4348
922.757 32.1975
895.618 32.0717
892.788 31.4962
908.679 32.6471
899.441 31.304
920.891 32.362
893.625 33.0933
907.993 32.2603
918.852 31.6071
915.034 31.891
925.053 32.2522
899.987 31.9955
907.713 32.4463
904.446 31.7844
916.872 32.9815
901.201 31.5642
913.833 31.3545
900.558 31.551
900.035 32.2931
