 1.000E-03 9.854E-03 
 1.500E-03 8.873E-03 
 2.000E-03 8.026E-03 
 2.500E-03 7.292E-03 
 3.000E-03 6.162E+01 
 3.500E-03 5.487E+01 
 4.000E-03 4.958E+01 
 4.500E-03 4.531E+01 
 5.000E-03 4.179E+01 
 6.000E-03 3.629E+01 
 7.000E-03 3.219E+01 
 8.000E-03 2.900E+01 
 9.000E-03 2.645E+01 
 1.000E-02 2.435E+01 
 1.500E-02 1.770E+01 
 2.000E-02 1.413E+01 
 2.500E-02 1.188E+01 
 3.000E-02 1.032E+01 
 3.500E-02 9.181E+00 
 4.000E-02 8.303E+00 
 4.500E-02 7.607E+00 
 5.000E-02 7.041E+00 
 6.000E-02 6.175E+00 
 7.000E-02 5.543E+00 
 8.000E-02 5.061E+00 
 9.000E-02 4.681E+00 
 1.000E-01 4.374E+00 
 1.100E-01 4.120E+00 
 1.200E-01 3.907E+00 
 1.300E-01 3.726E+00 
 1.400E-01 3.571E+00 
 1.500E-01 3.435E+00 
 1.600E-01 3.317E+00 
 1.700E-01 3.212E+00 
 1.800E-01 3.119E+00 
 1.900E-01 3.036E+00 
 2.000E-01 2.961E+00 
 2.100E-01 2.893E+00 
 2.200E-01 2.832E+00 
 2.300E-01 2.776E+00 
 2.400E-01 2.725E+00 
 2.500E-01 2.678E+00 
 2.600E-01 2.635E+00 
 2.700E-01 2.595E+00 
 2.800E-01 2.559E+00 
 2.900E-01 2.525E+00 
 3.000E-01 2.493E+00 
 3.100E-01 2.464E+00 
 3.200E-01 2.437E+00 
 3.300E-01 2.411E+00 
 3.400E-01 2.387E+00 
 3.500E-01 2.365E+00 
 3.600E-01 2.344E+00 
 3.700E-01 2.325E+00 
 3.800E-01 2.306E+00 
 3.900E-01 2.288E+00 
 4.000E-01 2.271E+00 
 4.100E-01 2.255E+00 
 4.200E-01 2.240E+00 
 4.300E-01 2.226E+00 
 4.400E-01 2.212E+00 
 4.500E-01 2.199E+00 
 4.600E-01 2.187E+00 
 4.700E-01 2.175E+00 
 4.800E-01 2.164E+00 
 4.900E-01 2.153E+00 
 5.000E-01 2.143E+00 
 5.100E-01 2.133E+00 
 5.200E-01 2.124E+00 
 5.300E-01 2.115E+00 
 5.400E-01 2.107E+00 
 5.500E-01 2.099E+00 
 5.600E-01 2.091E+00 
 5.700E-01 2.084E+00 
 5.800E-01 2.077E+00 
 5.900E-01 2.070E+00 
 6.000E-01 2.064E+00 
 6.100E-01 2.058E+00 
 6.200E-01 2.052E+00 
 6.300E-01 2.046E+00 
 6.400E-01 2.041E+00 
 6.500E-01 2.035E+00 
 6.600E-01 2.030E+00 
 6.700E-01 2.026E+00 
 6.800E-01 2.021E+00 
 6.900E-01 2.017E+00 
 7.000E-01 2.012E+00 
 7.100E-01 2.008E+00 
 7.200E-01 2.004E+00 
 7.300E-01 2.000E+00 
 7.400E-01 1.997E+00 
 7.500E-01 1.993E+00 
 7.600E-01 1.990E+00 
 7.700E-01 1.987E+00 
 7.800E-01 1.983E+00 
 7.900E-01 1.980E+00 
 8.000E-01 1.978E+00 
 8.100E-01 1.975E+00 
 8.200E-01 1.972E+00 
 8.300E-01 1.969E+00 
 8.400E-01 1.967E+00 
 8.500E-01 1.964E+00 
 8.600E-01 1.962E+00 
 8.700E-01 1.960E+00 
 8.800E-01 1.958E+00 
 8.900E-01 1.956E+00 
 9.000E-01 1.954E+00 
 9.100E-01 1.952E+00 
 9.200E-01 1.950E+00 
 9.300E-01 1.948E+00 
 9.400E-01 1.946E+00 
 9.500E-01 1.945E+00 
 9.600E-01 1.943E+00 
 9.700E-01 1.941E+00 
 9.800E-01 1.940E+00 
 9.900E-01 1.938E+00 
 1.000E+00 1.937E+00 
 1.010E+00 1.936E+00 
 1.020E+00 1.934E+00 
 1.030E+00 1.933E+00 
 1.040E+00 1.932E+00 
 1.050E+00 1.931E+00 
 1.060E+00 1.930E+00 
 1.070E+00 1.929E+00 
 1.080E+00 1.928E+00 
 1.090E+00 1.927E+00 
 1.100E+00 1.926E+00 
 1.110E+00 1.925E+00 
 1.120E+00 1.924E+00 
 1.130E+00 1.923E+00 
 1.140E+00 1.922E+00 
 1.150E+00 1.921E+00 
 1.160E+00 1.921E+00 
 1.170E+00 1.920E+00 
 1.180E+00 1.919E+00 
 1.190E+00 1.919E+00 
 1.200E+00 1.918E+00 
 1.210E+00 1.917E+00 
 1.220E+00 1.917E+00 
 1.230E+00 1.916E+00 
 1.240E+00 1.916E+00 
 1.250E+00 1.915E+00 
 1.260E+00 1.915E+00 
 1.270E+00 1.914E+00 
 1.280E+00 1.914E+00 
 1.290E+00 1.913E+00 
 1.300E+00 1.913E+00 
 1.310E+00 1.913E+00 
 1.320E+00 1.912E+00 
 1.330E+00 1.912E+00 
 1.340E+00 1.912E+00 
 1.350E+00 1.911E+00 
 1.360E+00 1.911E+00 
 1.370E+00 1.911E+00 
 1.380E+00 1.910E+00 
 1.390E+00 1.910E+00 
 1.400E+00 1.910E+00 
 1.410E+00 1.910E+00 
 1.420E+00 1.910E+00 
 1.430E+00 1.909E+00 
 1.440E+00 1.909E+00 
 1.450E+00 1.909E+00 
 1.460E+00 1.909E+00 
 1.470E+00 1.909E+00 
 1.480E+00 1.909E+00 
 1.490E+00 1.909E+00 
 1.500E+00 1.908E+00 
 1.510E+00 1.908E+00 
 1.520E+00 1.908E+00 
 1.530E+00 1.908E+00 
 1.540E+00 1.908E+00 
 1.550E+00 1.908E+00 
 1.560E+00 1.908E+00 
 1.570E+00 1.908E+00 
 1.580E+00 1.908E+00 
 1.590E+00 1.908E+00 
 1.600E+00 1.908E+00 
 1.610E+00 1.908E+00 
 1.620E+00 1.908E+00 
 1.630E+00 1.908E+00 
 1.640E+00 1.908E+00 
 1.650E+00 1.908E+00 
 1.660E+00 1.908E+00 
 1.670E+00 1.909E+00 
 1.680E+00 1.909E+00 
 1.690E+00 1.909E+00 
 1.700E+00 1.909E+00 
 1.710E+00 1.909E+00 
 1.720E+00 1.909E+00 
 1.730E+00 1.909E+00 
 1.740E+00 1.909E+00 
 1.750E+00 1.909E+00 
 1.760E+00 1.909E+00 
 1.770E+00 1.910E+00 
 1.780E+00 1.910E+00 
 1.790E+00 1.910E+00 
 1.800E+00 1.910E+00 
 1.810E+00 1.910E+00 
 1.820E+00 1.910E+00 
 1.830E+00 1.911E+00 
 1.840E+00 1.911E+00 
 1.850E+00 1.911E+00 
 1.860E+00 1.911E+00 
 1.870E+00 1.911E+00 
 1.880E+00 1.912E+00 
 1.890E+00 1.912E+00 
 1.900E+00 1.912E+00 
 1.910E+00 1.912E+00 
 1.920E+00 1.912E+00 
 1.930E+00 1.913E+00 
 1.940E+00 1.913E+00 
 1.950E+00 1.913E+00 
 1.960E+00 1.913E+00 
 1.970E+00 1.914E+00 
 1.980E+00 1.914E+00 
 1.990E+00 1.914E+00 
 2.000E+00 1.914E+00 
 2.010E+00 1.915E+00 
 2.020E+00 1.915E+00 
 2.030E+00 1.915E+00 
 2.040E+00 1.915E+00 
 2.050E+00 1.916E+00 
 2.060E+00 1.916E+00 
 2.070E+00 1.916E+00 
 2.080E+00 1.916E+00 
 2.090E+00 1.917E+00 
 2.100E+00 1.917E+00 
 2.110E+00 1.917E+00 
 2.120E+00 1.918E+00 
 2.130E+00 1.918E+00 
 2.140E+00 1.918E+00 
 2.150E+00 1.918E+00 
 2.160E+00 1.919E+00 
 2.170E+00 1.919E+00 
 2.180E+00 1.919E+00 
 2.190E+00 1.920E+00 
 2.200E+00 1.920E+00 
 2.210E+00 1.920E+00 
 2.220E+00 1.921E+00 
 2.230E+00 1.921E+00 
 2.240E+00 1.921E+00 
 2.250E+00 1.922E+00 
 2.260E+00 1.922E+00 
 2.270E+00 1.922E+00 
 2.280E+00 1.923E+00 
 2.290E+00 1.923E+00 
 2.300E+00 1.923E+00 
 2.310E+00 1.924E+00 
 2.320E+00 1.924E+00 
 2.330E+00 1.924E+00 
 2.340E+00 1.925E+00 
 2.350E+00 1.925E+00 
 2.360E+00 1.925E+00 
 2.370E+00 1.926E+00 
 2.380E+00 1.926E+00 
 2.390E+00 1.926E+00 
 2.400E+00 1.927E+00 
 2.410E+00 1.927E+00 
 2.420E+00 1.927E+00 
 2.430E+00 1.928E+00 
 2.440E+00 1.928E+00 
 2.450E+00 1.928E+00 
 2.460E+00 1.929E+00 
 2.470E+00 1.929E+00 
 2.480E+00 1.929E+00 
 2.490E+00 1.930E+00 
 2.500E+00 1.930E+00 
 2.510E+00 1.930E+00 
 2.520E+00 1.931E+00 
 2.530E+00 1.931E+00 
 2.540E+00 1.932E+00 
 2.550E+00 1.932E+00 
 2.560E+00 1.932E+00 
 2.570E+00 1.933E+00 
 2.580E+00 1.933E+00 
 2.590E+00 1.933E+00 
 2.600E+00 1.934E+00 
 2.610E+00 1.934E+00 
 2.620E+00 1.934E+00 
 2.630E+00 1.935E+00 
 2.640E+00 1.935E+00 
 2.650E+00 1.936E+00 
 2.660E+00 1.936E+00 
 2.670E+00 1.936E+00 
 2.680E+00 1.937E+00 
 2.690E+00 1.937E+00 
 2.700E+00 1.937E+00 
 2.710E+00 1.938E+00 
 2.720E+00 1.938E+00 
 2.730E+00 1.939E+00 
 2.740E+00 1.939E+00 
 2.750E+00 1.939E+00 
 2.760E+00 1.940E+00 
 2.770E+00 1.940E+00 
 2.780E+00 1.940E+00 
 2.790E+00 1.941E+00 
 2.800E+00 1.941E+00 
 2.810E+00 1.942E+00 
 2.820E+00 1.942E+00 
 2.830E+00 1.942E+00 
 2.840E+00 1.943E+00 
 2.850E+00 1.943E+00 
 2.860E+00 1.943E+00 
 2.870E+00 1.944E+00 
 2.880E+00 1.944E+00 
 2.890E+00 1.945E+00 
 2.900E+00 1.945E+00 
 2.910E+00 1.945E+00 
 2.920E+00 1.946E+00 
 2.930E+00 1.946E+00 
 2.940E+00 1.947E+00 
 2.950E+00 1.947E+00 
 2.960E+00 1.947E+00 
 2.970E+00 1.948E+00 
 2.980E+00 1.948E+00 
 2.990E+00 1.948E+00 
 3.000E+00 1.949E+00 
 3.010E+00 1.949E+00 
 3.020E+00 1.950E+00 
 3.030E+00 1.950E+00 
 3.040E+00 1.950E+00 
 3.050E+00 1.951E+00 
 3.060E+00 1.951E+00 
 3.070E+00 1.952E+00 
 3.080E+00 1.952E+00 
 3.090E+00 1.952E+00 
 3.100E+00 1.953E+00 
 3.110E+00 1.953E+00 
 3.120E+00 1.954E+00 
 3.130E+00 1.954E+00 
 3.140E+00 1.954E+00 
 3.150E+00 1.955E+00 
 3.160E+00 1.955E+00 
 3.170E+00 1.955E+00 
 3.180E+00 1.956E+00 
 3.190E+00 1.956E+00 
 3.200E+00 1.957E+00 
 3.210E+00 1.957E+00 
 3.220E+00 1.957E+00 
 3.230E+00 1.958E+00 
 3.240E+00 1.958E+00 
 3.250E+00 1.959E+00 
 3.260E+00 1.959E+00 
 3.270E+00 1.959E+00 
 3.280E+00 1.960E+00 
 3.290E+00 1.960E+00 
 3.300E+00 1.961E+00 
 3.310E+00 1.961E+00 
 3.320E+00 1.961E+00 
 3.330E+00 1.962E+00 
 3.340E+00 1.962E+00 
 3.350E+00 1.963E+00 
 3.360E+00 1.963E+00 
 3.370E+00 1.963E+00 
 3.380E+00 1.964E+00 
 3.390E+00 1.964E+00 
 3.400E+00 1.964E+00 
 3.410E+00 1.965E+00 
 3.420E+00 1.965E+00 
 3.430E+00 1.966E+00 
 3.440E+00 1.966E+00 
 3.450E+00 1.966E+00 
 3.460E+00 1.967E+00 
 3.470E+00 1.967E+00 
 3.480E+00 1.968E+00 
 3.490E+00 1.968E+00 
 3.500E+00 1.968E+00 
 3.510E+00 1.969E+00 
 3.520E+00 1.969E+00 
 3.530E+00 1.970E+00 
 3.540E+00 1.970E+00 
 3.550E+00 1.970E+00 
 3.560E+00 1.971E+00 
 3.570E+00 1.971E+00 
 3.580E+00 1.972E+00 
 3.590E+00 1.972E+00 
 3.600E+00 1.972E+00 
 3.610E+00 1.973E+00 
 3.620E+00 1.973E+00 
 3.630E+00 1.973E+00 
 3.640E+00 1.974E+00 
 3.650E+00 1.974E+00 
 3.660E+00 1.975E+00 
 3.670E+00 1.975E+00 
 3.680E+00 1.975E+00 
 3.690E+00 1.976E+00 
 3.700E+00 1.976E+00 
 3.710E+00 1.977E+00 
 3.720E+00 1.977E+00 
 3.730E+00 1.977E+00 
 3.740E+00 1.978E+00 
 3.750E+00 1.978E+00 
 3.760E+00 1.979E+00 
 3.770E+00 1.979E+00 
 3.780E+00 1.979E+00 
 3.790E+00 1.980E+00 
 3.800E+00 1.980E+00 
 3.810E+00 1.980E+00 
 3.820E+00 1.981E+00 
 3.830E+00 1.981E+00 
 3.840E+00 1.982E+00 
 3.850E+00 1.982E+00 
 3.860E+00 1.982E+00 
 3.870E+00 1.983E+00 
 3.880E+00 1.983E+00 
 3.890E+00 1.984E+00 
 3.900E+00 1.984E+00 
 3.910E+00 1.984E+00 
 3.920E+00 1.985E+00 
 3.930E+00 1.985E+00 
 3.940E+00 1.985E+00 
 3.950E+00 1.986E+00 
 3.960E+00 1.986E+00 
 3.970E+00 1.987E+00 
 3.980E+00 1.987E+00 
 3.990E+00 1.987E+00 
 4.000E+00 1.988E+00 
 4.010E+00 1.988E+00 
 4.020E+00 1.989E+00 
 4.030E+00 1.989E+00 
 4.040E+00 1.989E+00 
 4.050E+00 1.990E+00 
 4.060E+00 1.990E+00 
 4.070E+00 1.990E+00 
 4.080E+00 1.991E+00 
 4.090E+00 1.991E+00 
 4.100E+00 1.992E+00 
 4.110E+00 1.992E+00 
 4.120E+00 1.992E+00 
 4.130E+00 1.993E+00 
 4.140E+00 1.993E+00 
 4.150E+00 1.994E+00 
 4.160E+00 1.994E+00 
 4.170E+00 1.994E+00 
 4.180E+00 1.995E+00 
 4.190E+00 1.995E+00 
 4.200E+00 1.995E+00 
 4.210E+00 1.996E+00 
 4.220E+00 1.996E+00 
 4.230E+00 1.997E+00 
 4.240E+00 1.997E+00 
 4.250E+00 1.997E+00 
 4.260E+00 1.998E+00 
 4.270E+00 1.998E+00 
 4.280E+00 1.998E+00 
 4.290E+00 1.999E+00 
 4.300E+00 1.999E+00 
 4.310E+00 2.000E+00 
 4.320E+00 2.000E+00 
 4.330E+00 2.000E+00 
 4.340E+00 2.001E+00 
 4.350E+00 2.001E+00 
 4.360E+00 2.001E+00 
 4.370E+00 2.002E+00 
 4.380E+00 2.002E+00 
 4.390E+00 2.003E+00 
 4.400E+00 2.003E+00 
 4.410E+00 2.003E+00 
 4.420E+00 2.004E+00 
 4.430E+00 2.004E+00 
 4.440E+00 2.004E+00 
 4.450E+00 2.005E+00 
 4.460E+00 2.005E+00 
 4.470E+00 2.006E+00 
 4.480E+00 2.006E+00 
 4.490E+00 2.006E+00 
 4.500E+00 2.007E+00 
 4.510E+00 2.007E+00 
 4.520E+00 2.007E+00 
 4.530E+00 2.008E+00 
 4.540E+00 2.008E+00 
 4.550E+00 2.009E+00 
 4.560E+00 2.009E+00 
 4.570E+00 2.009E+00 
 4.580E+00 2.010E+00 
 4.590E+00 2.010E+00 
 4.600E+00 2.010E+00 
 4.610E+00 2.011E+00 
 4.620E+00 2.011E+00 
 4.630E+00 2.012E+00 
 4.640E+00 2.012E+00 
 4.650E+00 2.012E+00 
 4.660E+00 2.013E+00 
 4.670E+00 2.013E+00 
 4.680E+00 2.013E+00 
 4.690E+00 2.014E+00 
 4.700E+00 2.014E+00 
 4.710E+00 2.015E+00 
 4.720E+00 2.015E+00 
 4.730E+00 2.015E+00 
 4.740E+00 2.016E+00 
 4.750E+00 2.016E+00 
 4.760E+00 2.016E+00 
 4.770E+00 2.017E+00 
 4.780E+00 2.017E+00 
 4.790E+00 2.017E+00 
 4.800E+00 2.018E+00 
 4.810E+00 2.018E+00 
 4.820E+00 2.019E+00 
 4.830E+00 2.019E+00 
 4.840E+00 2.019E+00 
 4.850E+00 2.020E+00 
 4.860E+00 2.020E+00 
 4.870E+00 2.020E+00 
 4.880E+00 2.021E+00 
 4.890E+00 2.021E+00 
 4.900E+00 2.021E+00 
 4.910E+00 2.022E+00 
 4.920E+00 2.022E+00 
 4.930E+00 2.023E+00 
 4.940E+00 2.023E+00 
 4.950E+00 2.023E+00 
 4.960E+00 2.024E+00 
 4.970E+00 2.024E+00 
 4.980E+00 2.024E+00 
 4.990E+00 2.025E+00 
 5.000E+00 2.025E+00 
 5.010E+00 2.025E+00 
 5.020E+00 2.026E+00 
 5.030E+00 2.026E+00 
 5.040E+00 2.027E+00 
 5.050E+00 2.027E+00 
 5.060E+00 2.027E+00 
 5.070E+00 2.028E+00 
 5.080E+00 2.028E+00 
 5.090E+00 2.028E+00 
 5.100E+00 2.029E+00 
 5.110E+00 2.029E+00 
 5.120E+00 2.029E+00 
 5.130E+00 2.030E+00 
 5.140E+00 2.030E+00 
 5.150E+00 2.031E+00 
 5.160E+00 2.031E+00 
 5.170E+00 2.031E+00 
 5.180E+00 2.032E+00 
 5.190E+00 2.032E+00 
 5.200E+00 2.032E+00 
 5.210E+00 2.033E+00 
 5.220E+00 2.033E+00 
 5.230E+00 2.033E+00 
 5.240E+00 2.034E+00 
 5.250E+00 2.034E+00 
 5.260E+00 2.034E+00 
 5.270E+00 2.035E+00 
 5.280E+00 2.035E+00 
 5.290E+00 2.036E+00 
 5.300E+00 2.036E+00 
 5.310E+00 2.036E+00 
 5.320E+00 2.037E+00 
 5.330E+00 2.037E+00 
 5.340E+00 2.037E+00 
 5.350E+00 2.038E+00 
 5.360E+00 2.038E+00 
 5.370E+00 2.038E+00 
 5.380E+00 2.039E+00 
 5.390E+00 2.039E+00 
 5.400E+00 2.039E+00 
 5.410E+00 2.040E+00 
 5.420E+00 2.040E+00 
 5.430E+00 2.040E+00 
 5.440E+00 2.041E+00 
 5.450E+00 2.041E+00 
 5.460E+00 2.042E+00 
 5.470E+00 2.042E+00 
 5.480E+00 2.042E+00 
 5.490E+00 2.043E+00 
 5.500E+00 2.043E+00 
 5.510E+00 2.043E+00 
 5.520E+00 2.044E+00 
 5.530E+00 2.044E+00 
 5.540E+00 2.044E+00 
 5.550E+00 2.045E+00 
 5.560E+00 2.045E+00 
 5.570E+00 2.045E+00 
 5.580E+00 2.046E+00 
 5.590E+00 2.046E+00 
 5.600E+00 2.046E+00 
 5.610E+00 2.047E+00 
 5.620E+00 2.047E+00 
 5.630E+00 2.048E+00 
 5.640E+00 2.048E+00 
 5.650E+00 2.048E+00 
 5.660E+00 2.049E+00 
 5.670E+00 2.049E+00 
 5.680E+00 2.049E+00 
 5.690E+00 2.050E+00 
 5.700E+00 2.050E+00 
 5.710E+00 2.050E+00 
 5.720E+00 2.051E+00 
 5.730E+00 2.051E+00 
 5.740E+00 2.051E+00 
 5.750E+00 2.052E+00 
 5.760E+00 2.052E+00 
 5.770E+00 2.052E+00 
 5.780E+00 2.053E+00 
 5.790E+00 2.053E+00 
 5.800E+00 2.053E+00 
 5.810E+00 2.054E+00 
 5.820E+00 2.054E+00 
 5.830E+00 2.054E+00 
 5.840E+00 2.055E+00 
 5.850E+00 2.055E+00 
 5.860E+00 2.055E+00 
 5.870E+00 2.056E+00 
 5.880E+00 2.056E+00 
 5.890E+00 2.056E+00 
 5.900E+00 2.057E+00 
 5.910E+00 2.057E+00 
 5.920E+00 2.058E+00 
 5.930E+00 2.058E+00 
 5.940E+00 2.058E+00 
 5.950E+00 2.059E+00 
 5.960E+00 2.059E+00 
 5.970E+00 2.059E+00 
 5.980E+00 2.060E+00 
 5.990E+00 2.060E+00 
 6.000E+00 2.060E+00 
 6.010E+00 2.061E+00 
 6.020E+00 2.061E+00 
 6.030E+00 2.061E+00 
 6.040E+00 2.062E+00 
 6.050E+00 2.062E+00 
 6.060E+00 2.062E+00 
 6.070E+00 2.063E+00 
 6.080E+00 2.063E+00 
 6.090E+00 2.063E+00 
 6.100E+00 2.064E+00 
 6.110E+00 2.064E+00 
 6.120E+00 2.064E+00 
 6.130E+00 2.065E+00 
 6.140E+00 2.065E+00 
 6.150E+00 2.065E+00 
 6.160E+00 2.066E+00 
 6.170E+00 2.066E+00 
 6.180E+00 2.066E+00 
 6.190E+00 2.067E+00 
 6.200E+00 2.067E+00 
 6.210E+00 2.067E+00 
 6.220E+00 2.068E+00 
 6.230E+00 2.068E+00 
 6.240E+00 2.068E+00 
 6.250E+00 2.069E+00 
 6.260E+00 2.069E+00 
 6.270E+00 2.069E+00 
 6.280E+00 2.070E+00 
 6.290E+00 2.070E+00 
 6.300E+00 2.070E+00 
 6.310E+00 2.071E+00 
 6.320E+00 2.071E+00 
 6.330E+00 2.071E+00 
 6.340E+00 2.072E+00 
 6.350E+00 2.072E+00 
 6.360E+00 2.072E+00 
 6.370E+00 2.073E+00 
 6.380E+00 2.073E+00 
 6.390E+00 2.073E+00 
 6.400E+00 2.074E+00 
 6.410E+00 2.074E+00 
 6.420E+00 2.074E+00 
 6.430E+00 2.075E+00 
 6.440E+00 2.075E+00 
 6.450E+00 2.075E+00 
 6.460E+00 2.076E+00 
 6.470E+00 2.076E+00 
 6.480E+00 2.076E+00 
 6.490E+00 2.077E+00 
 6.500E+00 2.077E+00 
 6.510E+00 2.077E+00 
 6.520E+00 2.078E+00 
 6.530E+00 2.078E+00 
 6.540E+00 2.078E+00 
 6.550E+00 2.079E+00 
 6.560E+00 2.079E+00 
 6.570E+00 2.079E+00 
 6.580E+00 2.080E+00 
 6.590E+00 2.080E+00 
 6.600E+00 2.080E+00 
 6.610E+00 2.081E+00 
 6.620E+00 2.081E+00 
 6.630E+00 2.081E+00 
 6.640E+00 2.082E+00 
 6.650E+00 2.082E+00 
 6.660E+00 2.082E+00 
 6.670E+00 2.083E+00 
 6.680E+00 2.083E+00 
 6.690E+00 2.083E+00 
 6.700E+00 2.084E+00 
 6.710E+00 2.084E+00 
 6.720E+00 2.084E+00 
 6.730E+00 2.085E+00 
 6.740E+00 2.085E+00 
 6.750E+00 2.085E+00 
 6.760E+00 2.086E+00 
 6.770E+00 2.086E+00 
 6.780E+00 2.086E+00 
 6.790E+00 2.087E+00 
 6.800E+00 2.087E+00 
 6.810E+00 2.087E+00 
 6.820E+00 2.088E+00 
 6.830E+00 2.088E+00 
 6.840E+00 2.088E+00 
 6.850E+00 2.088E+00 
 6.860E+00 2.089E+00 
 6.870E+00 2.089E+00 
 6.880E+00 2.089E+00 
 6.890E+00 2.090E+00 
 6.900E+00 2.090E+00 
 6.910E+00 2.090E+00 
 6.920E+00 2.091E+00 
 6.930E+00 2.091E+00 
 6.940E+00 2.091E+00 
 6.950E+00 2.092E+00 
 6.960E+00 2.092E+00 
 6.970E+00 2.092E+00 
 6.980E+00 2.093E+00 
 6.990E+00 2.093E+00 
 7.000E+00 2.093E+00 
 7.010E+00 2.094E+00 
 7.020E+00 2.094E+00 
 7.030E+00 2.094E+00 
 7.040E+00 2.095E+00 
 7.050E+00 2.095E+00 
 7.060E+00 2.095E+00 
 7.070E+00 2.096E+00 
 7.080E+00 2.096E+00 
 7.090E+00 2.096E+00 
 7.100E+00 2.097E+00 
 7.110E+00 2.097E+00 
 7.120E+00 2.097E+00 
 7.130E+00 2.098E+00 
 7.140E+00 2.098E+00 
 7.150E+00 2.098E+00 
 7.160E+00 2.098E+00 
 7.170E+00 2.099E+00 
 7.180E+00 2.099E+00 
 7.190E+00 2.099E+00 
 7.200E+00 2.100E+00 
 7.210E+00 2.100E+00 
 7.220E+00 2.100E+00 
 7.230E+00 2.101E+00 
 7.240E+00 2.101E+00 
 7.250E+00 2.101E+00 
 7.260E+00 2.102E+00 
 7.270E+00 2.102E+00 
 7.280E+00 2.102E+00 
 7.290E+00 2.103E+00 
 7.300E+00 2.103E+00 
 7.310E+00 2.103E+00 
 7.320E+00 2.104E+00 
 7.330E+00 2.104E+00 
 7.340E+00 2.104E+00 
 7.350E+00 2.105E+00 
 7.360E+00 2.105E+00 
 7.370E+00 2.105E+00 
 7.380E+00 2.105E+00 
 7.390E+00 2.106E+00 
 7.400E+00 2.106E+00 
 7.410E+00 2.106E+00 
 7.420E+00 2.107E+00 
 7.430E+00 2.107E+00 
 7.440E+00 2.107E+00 
 7.450E+00 2.108E+00 
 7.460E+00 2.108E+00 
 7.470E+00 2.108E+00 
 7.480E+00 2.109E+00 
 7.490E+00 2.109E+00 
 7.500E+00 2.109E+00 
 7.510E+00 2.110E+00 
 7.520E+00 2.110E+00 
 7.530E+00 2.110E+00 
 7.540E+00 2.110E+00 
 7.550E+00 2.111E+00 
 7.560E+00 2.111E+00 
 7.570E+00 2.111E+00 
 7.580E+00 2.112E+00 
 7.590E+00 2.112E+00 
 7.600E+00 2.112E+00 
 7.610E+00 2.113E+00 
 7.620E+00 2.113E+00 
 7.630E+00 2.113E+00 
 7.640E+00 2.114E+00 
 7.650E+00 2.114E+00 
 7.660E+00 2.114E+00 
 7.670E+00 2.115E+00 
 7.680E+00 2.115E+00 
 7.690E+00 2.115E+00 
 7.700E+00 2.115E+00 
 7.710E+00 2.116E+00 
 7.720E+00 2.116E+00 
 7.730E+00 2.116E+00 
 7.740E+00 2.117E+00 
 7.750E+00 2.117E+00 
 7.760E+00 2.117E+00 
 7.770E+00 2.118E+00 
 7.780E+00 2.118E+00 
 7.790E+00 2.118E+00 
 7.800E+00 2.119E+00 
 7.810E+00 2.119E+00 
 7.820E+00 2.119E+00 
 7.830E+00 2.120E+00 
 7.840E+00 2.120E+00 
 7.850E+00 2.120E+00 
 7.860E+00 2.120E+00 
 7.870E+00 2.121E+00 
 7.880E+00 2.121E+00 
 7.890E+00 2.121E+00 
 7.900E+00 2.122E+00 
 7.910E+00 2.122E+00 
 7.920E+00 2.122E+00 
 7.930E+00 2.123E+00 
 7.940E+00 2.123E+00 
 7.950E+00 2.123E+00 
 7.960E+00 2.124E+00 
 7.970E+00 2.124E+00 
 7.980E+00 2.124E+00 
 7.990E+00 2.124E+00 
 8.000E+00 2.125E+00 
 8.010E+00 2.125E+00 
 8.020E+00 2.125E+00 
 8.030E+00 2.126E+00 
 8.040E+00 2.126E+00 
 8.050E+00 2.126E+00 
 8.060E+00 2.127E+00 
 8.070E+00 2.127E+00 
 8.080E+00 2.127E+00 
 8.090E+00 2.127E+00 
 8.100E+00 2.128E+00 
 8.110E+00 2.128E+00 
 8.120E+00 2.128E+00 
 8.130E+00 2.129E+00 
 8.140E+00 2.129E+00 
 8.150E+00 2.129E+00 
 8.160E+00 2.130E+00 
 8.170E+00 2.130E+00 
 8.180E+00 2.130E+00 
 8.190E+00 2.131E+00 
 8.200E+00 2.131E+00 
 8.210E+00 2.131E+00 
 8.220E+00 2.131E+00 
 8.230E+00 2.132E+00 
 8.240E+00 2.132E+00 
 8.250E+00 2.132E+00 
 8.260E+00 2.133E+00 
 8.270E+00 2.133E+00 
 8.280E+00 2.133E+00 
 8.290E+00 2.134E+00 
 8.300E+00 2.134E+00 
 8.310E+00 2.134E+00 
 8.320E+00 2.134E+00 
 8.330E+00 2.135E+00 
 8.340E+00 2.135E+00 
 8.350E+00 2.135E+00 
 8.360E+00 2.136E+00 
 8.370E+00 2.136E+00 
 8.380E+00 2.136E+00 
 8.390E+00 2.137E+00 
 8.400E+00 2.137E+00 
 8.410E+00 2.137E+00 
 8.420E+00 2.137E+00 
 8.430E+00 2.138E+00 
 8.440E+00 2.138E+00 
 8.450E+00 2.138E+00 
 8.460E+00 2.139E+00 
 8.470E+00 2.139E+00 
 8.480E+00 2.139E+00 
 8.490E+00 2.140E+00 
 8.500E+00 2.140E+00 
 8.510E+00 2.140E+00 
 8.520E+00 2.141E+00 
 8.530E+00 2.141E+00 
 8.540E+00 2.141E+00 
 8.550E+00 2.141E+00 
 8.560E+00 2.142E+00 
 8.570E+00 2.142E+00 
 8.580E+00 2.142E+00 
 8.590E+00 2.143E+00 
 8.600E+00 2.143E+00 
 8.610E+00 2.143E+00 
 8.620E+00 2.143E+00 
 8.630E+00 2.144E+00 
 8.640E+00 2.144E+00 
 8.650E+00 2.144E+00 
 8.660E+00 2.145E+00 
 8.670E+00 2.145E+00 
 8.680E+00 2.145E+00 
 8.690E+00 2.146E+00 
 8.700E+00 2.146E+00 
 8.710E+00 2.146E+00 
 8.720E+00 2.146E+00 
 8.730E+00 2.147E+00 
 8.740E+00 2.147E+00 
 8.750E+00 2.147E+00 
 8.760E+00 2.148E+00 
 8.770E+00 2.148E+00 
 8.780E+00 2.148E+00 
 8.790E+00 2.149E+00 
 8.800E+00 2.149E+00 
 8.810E+00 2.149E+00 
 8.820E+00 2.149E+00 
 8.830E+00 2.150E+00 
 8.840E+00 2.150E+00 
 8.850E+00 2.150E+00 
 8.860E+00 2.151E+00 
 8.870E+00 2.151E+00 
 8.880E+00 2.151E+00 
 8.890E+00 2.152E+00 
 8.900E+00 2.152E+00 
 8.910E+00 2.152E+00 
 8.920E+00 2.152E+00 
 8.930E+00 2.153E+00 
 8.940E+00 2.153E+00 
 8.950E+00 2.153E+00 
 8.960E+00 2.154E+00 
 8.970E+00 2.154E+00 
 8.980E+00 2.154E+00 
 8.990E+00 2.154E+00 
 9.000E+00 2.155E+00 
 9.010E+00 2.155E+00 
 9.020E+00 2.155E+00 
 9.030E+00 2.156E+00 
 9.040E+00 2.156E+00 
 9.050E+00 2.156E+00 
 9.060E+00 2.157E+00 
 9.070E+00 2.157E+00 
 9.080E+00 2.157E+00 
 9.090E+00 2.157E+00 
 9.100E+00 2.158E+00 
 9.110E+00 2.158E+00 
 9.120E+00 2.158E+00 
 9.130E+00 2.159E+00 
 9.140E+00 2.159E+00 
 9.150E+00 2.159E+00 
 9.160E+00 2.159E+00 
 9.170E+00 2.160E+00 
 9.180E+00 2.160E+00 
 9.190E+00 2.160E+00 
 9.200E+00 2.161E+00 
 9.210E+00 2.161E+00 
 9.220E+00 2.161E+00 
 9.230E+00 2.161E+00 
 9.240E+00 2.162E+00 
 9.250E+00 2.162E+00 
 9.260E+00 2.162E+00 
 9.270E+00 2.163E+00 
 9.280E+00 2.163E+00 
 9.290E+00 2.163E+00 
 9.300E+00 2.164E+00 
 9.310E+00 2.164E+00 
 9.320E+00 2.164E+00 
 9.330E+00 2.164E+00 
 9.340E+00 2.165E+00 
 9.350E+00 2.165E+00 
 9.360E+00 2.165E+00 
 9.370E+00 2.166E+00 
 9.380E+00 2.166E+00 
 9.390E+00 2.166E+00 
 9.400E+00 2.166E+00 
 9.410E+00 2.167E+00 
 9.420E+00 2.167E+00 
 9.430E+00 2.167E+00 
 9.440E+00 2.168E+00 
 9.450E+00 2.168E+00 
 9.460E+00 2.168E+00 
 9.470E+00 2.168E+00 
 9.480E+00 2.169E+00 
 9.490E+00 2.169E+00 
 9.500E+00 2.169E+00 
 9.510E+00 2.170E+00 
 9.520E+00 2.170E+00 
 9.530E+00 2.170E+00 
 9.540E+00 2.170E+00 
 9.550E+00 2.171E+00 
 9.560E+00 2.171E+00 
 9.570E+00 2.171E+00 
 9.580E+00 2.172E+00 
 9.590E+00 2.172E+00 
 9.600E+00 2.172E+00 
 9.610E+00 2.172E+00 
 9.620E+00 2.173E+00 
 9.630E+00 2.173E+00 
 9.640E+00 2.173E+00 
 9.650E+00 2.174E+00 
 9.660E+00 2.174E+00 
 9.670E+00 2.174E+00 
 9.680E+00 2.175E+00 
 9.690E+00 2.175E+00 
 9.700E+00 2.175E+00 
 9.710E+00 2.175E+00 
 9.720E+00 2.176E+00 
 9.730E+00 2.176E+00 
 9.740E+00 2.176E+00 
 9.750E+00 2.177E+00 
 9.760E+00 2.177E+00 
 9.770E+00 2.177E+00 
 9.780E+00 2.177E+00 
 9.790E+00 2.178E+00 
 9.800E+00 2.178E+00 
 9.810E+00 2.178E+00 
 9.820E+00 2.179E+00 
 9.830E+00 2.179E+00 
 9.840E+00 2.179E+00 
 9.850E+00 2.179E+00 
 9.860E+00 2.180E+00 
 9.870E+00 2.180E+00 
 9.880E+00 2.180E+00 
 9.890E+00 2.181E+00 
 9.900E+00 2.181E+00 
 9.910E+00 2.181E+00 
 9.920E+00 2.181E+00 
 9.930E+00 2.182E+00 
 9.940E+00 2.182E+00 
 9.950E+00 2.182E+00 
 9.960E+00 2.182E+00 
 9.970E+00 2.183E+00 
 9.980E+00 2.183E+00 
 9.990E+00 2.183E+00 
 1.000E+01 2.184E+00 
